# Y dSigma/dY [pb]
-1.00000000e+01 0.00000000e+00
-9.93377483e+00 0.00000000e+00
-9.86754967e+00 0.00000000e+00
-9.80132450e+00 0.00000000e+00
-9.73509934e+00 0.00000000e+00
-9.66887417e+00 0.00000000e+00
-9.60264901e+00 0.00000000e+00
-9.53642384e+00 0.00000000e+00
-9.47019868e+00 0.00000000e+00
-9.40397351e+00 0.00000000e+00
-9.33774834e+00 0.00000000e+00
-9.27152318e+00 0.00000000e+00
-9.20529801e+00 0.00000000e+00
-9.13907285e+00 0.00000000e+00
-9.07284768e+00 0.00000000e+00
-9.00662252e+00 0.00000000e+00
-8.94039735e+00 0.00000000e+00
-8.87417219e+00 0.00000000e+00
-8.80794702e+00 0.00000000e+00
-8.74172185e+00 0.00000000e+00
-8.67549669e+00 0.00000000e+00
-8.60927152e+00 0.00000000e+00
-8.54304636e+00 0.00000000e+00
-8.47682119e+00 0.00000000e+00
-8.41059603e+00 0.00000000e+00
-8.34437086e+00 0.00000000e+00
-8.27814570e+00 0.00000000e+00
-8.21192053e+00 0.00000000e+00
-8.14569536e+00 0.00000000e+00
-8.07947020e+00 0.00000000e+00
-8.01324503e+00 0.00000000e+00
-7.94701987e+00 0.00000000e+00
-7.88079470e+00 0.00000000e+00
-7.81456954e+00 0.00000000e+00
-7.74834437e+00 0.00000000e+00
-7.68211921e+00 0.00000000e+00
-7.61589404e+00 0.00000000e+00
-7.54966887e+00 0.00000000e+00
-7.48344371e+00 0.00000000e+00
-7.41721854e+00 0.00000000e+00
-7.35099338e+00 0.00000000e+00
-7.28476821e+00 0.00000000e+00
-7.21854305e+00 0.00000000e+00
-7.15231788e+00 0.00000000e+00
-7.08609272e+00 0.00000000e+00
-7.01986755e+00 0.00000000e+00
-6.95364238e+00 0.00000000e+00
-6.88741722e+00 0.00000000e+00
-6.82119205e+00 0.00000000e+00
-6.75496689e+00 0.00000000e+00
-6.68874172e+00 0.00000000e+00
-6.62251656e+00 0.00000000e+00
-6.55629139e+00 0.00000000e+00
-6.49006623e+00 0.00000000e+00
-6.42384106e+00 0.00000000e+00
-6.35761589e+00 0.00000000e+00
-6.29139073e+00 0.00000000e+00
-6.22516556e+00 0.00000000e+00
-6.15894040e+00 0.00000000e+00
-6.09271523e+00 0.00000000e+00
-6.02649007e+00 0.00000000e+00
-5.96026490e+00 0.00000000e+00
-5.89403974e+00 0.00000000e+00
-5.82781457e+00 0.00000000e+00
-5.76158940e+00 0.00000000e+00
-5.69536424e+00 0.00000000e+00
-5.62913907e+00 0.00000000e+00
-5.56291391e+00 0.00000000e+00
-5.49668874e+00 0.00000000e+00
-5.43046358e+00 0.00000000e+00
-5.36423841e+00 0.00000000e+00
-5.29801325e+00 0.00000000e+00
-5.23178808e+00 0.00000000e+00
-5.16556291e+00 0.00000000e+00
-5.09933775e+00 0.00000000e+00
-5.03311258e+00 0.00000000e+00
-4.96688742e+00 0.00000000e+00
-4.90066225e+00 0.00000000e+00
-4.83443709e+00 0.00000000e+00
-4.76821192e+00 0.00000000e+00
-4.70198675e+00 0.00000000e+00
-4.63576159e+00 0.00000000e+00
-4.56953642e+00 0.00000000e+00
-4.50331126e+00 0.00000000e+00
-4.43708609e+00 0.00000000e+00
-4.37086093e+00 0.00000000e+00
-4.30463576e+00 0.00000000e+00
-4.23841060e+00 0.00000000e+00
-4.17218543e+00 0.00000000e+00
-4.10596026e+00 0.00000000e+00
-4.03973510e+00 0.00000000e+00
-3.97350993e+00 0.00000000e+00
-3.90728477e+00 0.00000000e+00
-3.84105960e+00 0.00000000e+00
-3.77483444e+00 0.00000000e+00
-3.70860927e+00 0.00000000e+00
-3.64238411e+00 0.00000000e+00
-3.57615894e+00 0.00000000e+00
-3.50993377e+00 0.00000000e+00
-3.44370861e+00 0.00000000e+00
-3.37748344e+00 0.00000000e+00
-3.31125828e+00 0.00000000e+00
-3.24503311e+00 0.00000000e+00
-3.17880795e+00 0.00000000e+00
-3.11258278e+00 0.00000000e+00
-3.04635762e+00 0.00000000e+00
-2.98013245e+00 0.00000000e+00
-2.91390728e+00 0.00000000e+00
-2.84768212e+00 0.00000000e+00
-2.78145695e+00 0.00000000e+00
-2.71523179e+00 0.00000000e+00
-2.64900662e+00 0.00000000e+00
-2.58278146e+00 0.00000000e+00
-2.51655629e+00 0.00000000e+00
-2.45033113e+00 0.00000000e+00
-2.38410596e+00 0.00000000e+00
-2.31788079e+00 0.00000000e+00
-2.25165563e+00 0.00000000e+00
-2.18543046e+00 0.00000000e+00
-2.11920530e+00 0.00000000e+00
-2.05298013e+00 0.00000000e+00
-1.98675497e+00 0.00000000e+00
-1.92052980e+00 0.00000000e+00
-1.85430464e+00 0.00000000e+00
-1.78807947e+00 0.00000000e+00
-1.72185430e+00 0.00000000e+00
-1.65562914e+00 0.00000000e+00
-1.58940397e+00 0.00000000e+00
-1.52317881e+00 0.00000000e+00
-1.45695364e+00 0.00000000e+00
-1.39072848e+00 0.00000000e+00
-1.32450331e+00 0.00000000e+00
-1.25827815e+00 0.00000000e+00
-1.19205298e+00 1.38399904e+00
-1.12582781e+00 1.80403253e+00
-1.05960265e+00 2.19504649e+00
-9.93377483e-01 2.55896359e+00
-9.27152318e-01 2.90159788e+00
-8.60927152e-01 3.22250234e+00
-7.94701987e-01 3.52494273e+00
-7.28476821e-01 3.81067542e+00
-6.62251656e-01 4.08115290e+00
-5.96026490e-01 4.33769976e+00
-5.29801325e-01 4.58117131e+00
-4.63576159e-01 4.81234704e+00
-3.97350993e-01 5.03127192e+00
-3.31125828e-01 5.23911182e+00
-2.64900662e-01 5.43756869e+00
-1.98675497e-01 5.62455041e+00
-1.32450331e-01 5.80116047e+00
-6.62251656e-02 5.96737347e+00
0.00000000e+00 6.12381671e+00
6.62251656e-02 6.27037200e+00
1.32450331e-01 6.40720511e+00
1.98675497e-01 6.53449593e+00
2.64900662e-01 6.65230189e+00
3.31125828e-01 6.76075495e+00
3.97350993e-01 6.86052004e+00
4.63576159e-01 6.95028975e+00
5.29801325e-01 7.03162193e+00
5.96026490e-01 7.10423008e+00
6.62251656e-01 7.16826661e+00
7.28476821e-01 7.22390166e+00
7.94701987e-01 7.27133542e+00
8.60927152e-01 7.31078600e+00
9.27152318e-01 7.34247092e+00
9.93377483e-01 7.36639372e+00
1.05960265e+00 7.38295480e+00
1.12582781e+00 7.39233339e+00
1.19205298e+00 7.39476690e+00
1.25827815e+00 7.39039931e+00
1.32450331e+00 7.37944436e+00
1.39072848e+00 7.36201843e+00
1.45695364e+00 7.33848149e+00
1.52317881e+00 7.30896545e+00
1.58940397e+00 7.27363770e+00
1.65562914e+00 7.23273130e+00
1.72185430e+00 7.18645515e+00
1.78807947e+00 7.13495704e+00
1.85430464e+00 7.07842063e+00
1.92052980e+00 7.01702327e+00
1.98675497e+00 6.95095729e+00
2.05298013e+00 6.88036456e+00
2.11920530e+00 6.80542506e+00
2.18543046e+00 6.72631410e+00
2.25165563e+00 6.64315319e+00
2.31788079e+00 6.55611101e+00
2.38410596e+00 6.46531681e+00
2.45033113e+00 6.37094498e+00
2.51655629e+00 6.27310874e+00
2.58278146e+00 6.17195815e+00
2.64900662e+00 6.06763015e+00
2.71523179e+00 5.96025527e+00
2.78145695e+00 5.84996872e+00
2.84768212e+00 5.73690204e+00
2.91390728e+00 5.62118647e+00
2.98013245e+00 5.50295326e+00
3.04635762e+00 5.38233437e+00
3.11258278e+00 5.25946314e+00
3.17880795e+00 5.13447476e+00
3.24503311e+00 5.00750676e+00
3.31125828e+00 4.87869958e+00
3.37748344e+00 4.74819699e+00
3.44370861e+00 4.61614665e+00
3.50993377e+00 4.48270060e+00
3.57615894e+00 4.34801566e+00
3.64238411e+00 4.21225387e+00
3.70860927e+00 4.07558289e+00
3.77483444e+00 3.93817630e+00
3.84105960e+00 3.80021387e+00
3.90728477e+00 3.66188171e+00
3.97350993e+00 3.52337242e+00
4.03973510e+00 3.38488503e+00
4.10596026e+00 3.24662491e+00
4.17218543e+00 3.10880349e+00
4.23841060e+00 2.97163794e+00
4.30463576e+00 2.83535053e+00
4.37086093e+00 2.70016804e+00
4.43708609e+00 2.56632077e+00
4.50331126e+00 2.43404157e+00
4.56953642e+00 2.30356453e+00
4.63576159e+00 2.17512360e+00
4.70198675e+00 2.04895092e+00
4.76821192e+00 1.92527513e+00
4.83443709e+00 1.80431933e+00
4.90066225e+00 1.68629916e+00
4.96688742e+00 1.57142060e+00
5.03311258e+00 1.45987792e+00
5.09933775e+00 1.35185154e+00
5.16556291e+00 1.24750621e+00
5.23178808e+00 1.14698920e+00
5.29801325e+00 1.05042914e+00
5.36423841e+00 9.57934951e-01
5.43046358e+00 8.69595793e-01
5.49668874e+00 7.85481403e-01
5.56291391e+00 7.05643413e-01
5.62913907e+00 6.30117318e-01
5.69536424e+00 5.58925656e-01
5.76158940e+00 4.92081492e-01
5.82781457e+00 4.29592595e-01
5.89403974e+00 3.71465586e-01
5.96026490e+00 3.17709512e-01
6.02649007e+00 2.68339638e-01
6.09271523e+00 2.23375028e-01
6.15894040e+00 1.82838088e-01
6.22516556e+00 1.46746926e-01
6.29139073e+00 1.15102758e-01
6.35761589e+00 8.78749268e-02
6.42384106e+00 6.49805678e-02
6.49006623e+00 4.62638836e-02
6.55629139e+00 3.14793643e-02
6.62251656e+00 2.02803880e-02
6.68874172e+00 1.22216094e-02
6.75496689e+00 6.77803287e-03
6.82119205e+00 3.38151158e-03
6.88741722e+00 1.46652942e-03
6.95364238e+00 5.22708537e-04
7.01986755e+00 0.00000000e+00
7.08609272e+00 0.00000000e+00
7.15231788e+00 0.00000000e+00
7.21854305e+00 0.00000000e+00
7.28476821e+00 0.00000000e+00
7.35099338e+00 0.00000000e+00
7.41721854e+00 0.00000000e+00
7.48344371e+00 0.00000000e+00
7.54966887e+00 0.00000000e+00
7.61589404e+00 0.00000000e+00
7.68211921e+00 0.00000000e+00
7.74834437e+00 0.00000000e+00
7.81456954e+00 0.00000000e+00
7.88079470e+00 0.00000000e+00
7.94701987e+00 0.00000000e+00
8.01324503e+00 0.00000000e+00
8.07947020e+00 0.00000000e+00
8.14569536e+00 0.00000000e+00
8.21192053e+00 0.00000000e+00
8.27814570e+00 0.00000000e+00
8.34437086e+00 0.00000000e+00
8.41059603e+00 0.00000000e+00
8.47682119e+00 0.00000000e+00
8.54304636e+00 0.00000000e+00
8.60927152e+00 0.00000000e+00
8.67549669e+00 0.00000000e+00
8.74172185e+00 0.00000000e+00
8.80794702e+00 0.00000000e+00
8.87417219e+00 0.00000000e+00
8.94039735e+00 0.00000000e+00
9.00662252e+00 0.00000000e+00
9.07284768e+00 0.00000000e+00
9.13907285e+00 0.00000000e+00
9.20529801e+00 0.00000000e+00
9.27152318e+00 0.00000000e+00
9.33774834e+00 0.00000000e+00
9.40397351e+00 0.00000000e+00
9.47019868e+00 0.00000000e+00
9.53642384e+00 0.00000000e+00
9.60264901e+00 0.00000000e+00
9.66887417e+00 0.00000000e+00
9.73509934e+00 0.00000000e+00
9.80132450e+00 0.00000000e+00
9.86754967e+00 0.00000000e+00
9.93377483e+00 0.00000000e+00
1.00000000e+01 0.00000000e+00
