# Rapidity (Y)   dSigma/dY [pb]
# eEbeam: 50.0 GeV, pEbeam: 7000.0 GeV
# q2emax: 100.0, q2pmax: 100.0
-1.00000000e+01 0.00000000e+00
-9.93377483e+00 0.00000000e+00
-9.86754967e+00 0.00000000e+00
-9.80132450e+00 0.00000000e+00
-9.73509934e+00 0.00000000e+00
-9.66887417e+00 0.00000000e+00
-9.60264901e+00 0.00000000e+00
-9.53642384e+00 0.00000000e+00
-9.47019868e+00 0.00000000e+00
-9.40397351e+00 0.00000000e+00
-9.33774834e+00 0.00000000e+00
-9.27152318e+00 0.00000000e+00
-9.20529801e+00 0.00000000e+00
-9.13907285e+00 0.00000000e+00
-9.07284768e+00 0.00000000e+00
-9.00662252e+00 0.00000000e+00
-8.94039735e+00 0.00000000e+00
-8.87417219e+00 0.00000000e+00
-8.80794702e+00 0.00000000e+00
-8.74172185e+00 0.00000000e+00
-8.67549669e+00 0.00000000e+00
-8.60927152e+00 0.00000000e+00
-8.54304636e+00 0.00000000e+00
-8.47682119e+00 0.00000000e+00
-8.41059603e+00 0.00000000e+00
-8.34437086e+00 0.00000000e+00
-8.27814570e+00 0.00000000e+00
-8.21192053e+00 0.00000000e+00
-8.14569536e+00 0.00000000e+00
-8.07947020e+00 0.00000000e+00
-8.01324503e+00 0.00000000e+00
-7.94701987e+00 0.00000000e+00
-7.88079470e+00 0.00000000e+00
-7.81456954e+00 0.00000000e+00
-7.74834437e+00 0.00000000e+00
-7.68211921e+00 0.00000000e+00
-7.61589404e+00 0.00000000e+00
-7.54966887e+00 0.00000000e+00
-7.48344371e+00 0.00000000e+00
-7.41721854e+00 0.00000000e+00
-7.35099338e+00 0.00000000e+00
-7.28476821e+00 0.00000000e+00
-7.21854305e+00 0.00000000e+00
-7.15231788e+00 0.00000000e+00
-7.08609272e+00 0.00000000e+00
-7.01986755e+00 0.00000000e+00
-6.95364238e+00 0.00000000e+00
-6.88741722e+00 0.00000000e+00
-6.82119205e+00 0.00000000e+00
-6.75496689e+00 0.00000000e+00
-6.68874172e+00 0.00000000e+00
-6.62251656e+00 0.00000000e+00
-6.55629139e+00 0.00000000e+00
-6.49006623e+00 0.00000000e+00
-6.42384106e+00 0.00000000e+00
-6.35761589e+00 0.00000000e+00
-6.29139073e+00 0.00000000e+00
-6.22516556e+00 0.00000000e+00
-6.15894040e+00 0.00000000e+00
-6.09271523e+00 0.00000000e+00
-6.02649007e+00 0.00000000e+00
-5.96026490e+00 0.00000000e+00
-5.89403974e+00 0.00000000e+00
-5.82781457e+00 0.00000000e+00
-5.76158940e+00 0.00000000e+00
-5.69536424e+00 0.00000000e+00
-5.62913907e+00 0.00000000e+00
-5.56291391e+00 0.00000000e+00
-5.49668874e+00 0.00000000e+00
-5.43046358e+00 0.00000000e+00
-5.36423841e+00 0.00000000e+00
-5.29801325e+00 0.00000000e+00
-5.23178808e+00 0.00000000e+00
-5.16556291e+00 0.00000000e+00
-5.09933775e+00 0.00000000e+00
-5.03311258e+00 0.00000000e+00
-4.96688742e+00 0.00000000e+00
-4.90066225e+00 0.00000000e+00
-4.83443709e+00 0.00000000e+00
-4.76821192e+00 0.00000000e+00
-4.70198675e+00 0.00000000e+00
-4.63576159e+00 0.00000000e+00
-4.56953642e+00 0.00000000e+00
-4.50331126e+00 0.00000000e+00
-4.43708609e+00 0.00000000e+00
-4.37086093e+00 0.00000000e+00
-4.30463576e+00 0.00000000e+00
-4.23841060e+00 0.00000000e+00
-4.17218543e+00 0.00000000e+00
-4.10596026e+00 0.00000000e+00
-4.03973510e+00 0.00000000e+00
-3.97350993e+00 0.00000000e+00
-3.90728477e+00 0.00000000e+00
-3.84105960e+00 0.00000000e+00
-3.77483444e+00 0.00000000e+00
-3.70860927e+00 0.00000000e+00
-3.64238411e+00 0.00000000e+00
-3.57615894e+00 0.00000000e+00
-3.50993377e+00 0.00000000e+00
-3.44370861e+00 0.00000000e+00
-3.37748344e+00 0.00000000e+00
-3.31125828e+00 0.00000000e+00
-3.24503311e+00 0.00000000e+00
-3.17880795e+00 0.00000000e+00
-3.11258278e+00 0.00000000e+00
-3.04635762e+00 0.00000000e+00
-2.98013245e+00 0.00000000e+00
-2.91390728e+00 0.00000000e+00
-2.84768212e+00 0.00000000e+00
-2.78145695e+00 0.00000000e+00
-2.71523179e+00 0.00000000e+00
-2.64900662e+00 0.00000000e+00
-2.58278146e+00 0.00000000e+00
-2.51655629e+00 0.00000000e+00
-2.45033113e+00 0.00000000e+00
-2.38410596e+00 0.00000000e+00
-2.31788079e+00 0.00000000e+00
-2.25165563e+00 0.00000000e+00
-2.18543046e+00 0.00000000e+00
-2.11920530e+00 0.00000000e+00
-2.05298013e+00 2.92415632e-02
-1.98675497e+00 3.63709502e-02
-1.92052980e+00 4.32951816e-02
-1.85430464e+00 5.00333562e-02
-1.78807947e+00 5.65898396e-02
-1.72185430e+00 6.29795248e-02
-1.65562914e+00 6.92045132e-02
-1.58940397e+00 7.52609455e-02
-1.52317881e+00 8.11521828e-02
-1.45695364e+00 8.68722082e-02
-1.39072848e+00 9.24193915e-02
-1.32450331e+00 9.77856645e-02
-1.25827815e+00 1.02967908e-01
-1.19205298e+00 1.07960314e-01
-1.12582781e+00 1.12754593e-01
-1.05960265e+00 1.17351388e-01
-9.93377483e-01 1.21744945e-01
-9.27152318e-01 1.25926897e-01
-8.60927152e-01 1.29896734e-01
-7.94701987e-01 1.33650611e-01
-7.28476821e-01 1.37188483e-01
-6.62251656e-01 1.40504903e-01
-5.96026490e-01 1.43601649e-01
-5.29801325e-01 1.46482257e-01
-4.63576159e-01 1.49132223e-01
-3.97350993e-01 1.51568836e-01
-3.31125828e-01 1.53783183e-01
-2.64900662e-01 1.55782922e-01
-1.98675497e-01 1.57558451e-01
-1.32450331e-01 1.59140483e-01
-6.62251656e-02 1.60505591e-01
0.00000000e+00 1.61662145e-01
6.62251656e-02 1.62621198e-01
1.32450331e-01 1.63408500e-01
1.98675497e-01 1.63950998e-01
2.64900662e-01 1.64330514e-01
3.31125828e-01 1.64523229e-01
3.97350993e-01 1.64545403e-01
4.63576159e-01 1.64391273e-01
5.29801325e-01 1.64066925e-01
5.96026490e-01 1.63578532e-01
6.62251656e-01 1.62936887e-01
7.28476821e-01 1.62141285e-01
7.94701987e-01 1.61199273e-01
8.60927152e-01 1.60117291e-01
9.27152318e-01 1.58898050e-01
9.93377483e-01 1.57552214e-01
1.05960265e+00 1.56078722e-01
1.12582781e+00 1.54487164e-01
1.19205298e+00 1.52786362e-01
1.25827815e+00 1.50976057e-01
1.32450331e+00 1.49057260e-01
1.39072848e+00 1.47053406e-01
1.45695364e+00 1.44958043e-01
1.52317881e+00 1.42777590e-01
1.58940397e+00 1.40515956e-01
1.65562914e+00 1.38183085e-01
1.72185430e+00 1.35782399e-01
1.78807947e+00 1.33318736e-01
1.85430464e+00 1.30799421e-01
1.92052980e+00 1.28228436e-01
1.98675497e+00 1.25609999e-01
2.05298013e+00 1.22949535e-01
2.11920530e+00 1.20251930e-01
2.18543046e+00 1.17521944e-01
2.25165563e+00 1.14764260e-01
2.31788079e+00 1.11983553e-01
2.38410596e+00 1.09184040e-01
2.45033113e+00 1.06369530e-01
2.51655629e+00 1.03543620e-01
2.58278146e+00 1.00709748e-01
2.64900662e+00 9.78712547e-02
2.71523179e+00 9.50314102e-02
2.78145695e+00 9.21933831e-02
2.84768212e+00 8.93602542e-02
2.91390728e+00 8.65350155e-02
2.98013245e+00 8.37205745e-02
3.04635762e+00 8.09197577e-02
3.11258278e+00 7.81353174e-02
3.17880795e+00 7.53699359e-02
3.24503311e+00 7.26262314e-02
3.31125828e+00 6.99067636e-02
3.37748344e+00 6.72140370e-02
3.44370861e+00 6.45505072e-02
3.50993377e+00 6.19185826e-02
3.57615894e+00 5.93206273e-02
3.64238411e+00 5.67589643e-02
3.70860927e+00 5.42358748e-02
3.77483444e+00 5.17535995e-02
3.84105960e+00 4.93143367e-02
3.90728477e+00 4.69202414e-02
3.97350993e+00 4.45734214e-02
4.03973510e+00 4.22759341e-02
4.10596026e+00 4.00297811e-02
4.17218543e+00 3.78369021e-02
4.23841060e+00 3.56991684e-02
4.30463576e+00 3.36183743e-02
4.37086093e+00 3.15962285e-02
4.43708609e+00 2.96343441e-02
4.50331126e+00 2.77342283e-02
4.56953642e+00 2.58972707e-02
4.63576159e+00 2.41247320e-02
4.70198675e+00 2.24177314e-02
4.76821192e+00 2.07772348e-02
4.83443709e+00 1.92040423e-02
4.90066225e+00 1.76987770e-02
4.96688742e+00 1.62618739e-02
5.03311258e+00 1.48935704e-02
5.09933775e+00 1.35938986e-02
5.16556291e+00 1.23626799e-02
5.23178808e+00 1.11995220e-02
5.29801325e+00 1.01038197e-02
5.36423841e+00 9.07475940e-03
5.43046358e+00 8.11132781e-03
5.49668874e+00 7.21232577e-03
5.56291391e+00 6.37638650e-03
5.62913907e+00 5.60199780e-03
5.69536424e+00 4.88753027e-03
5.76158940e+00 4.23126538e-03
5.82781457e+00 3.63142624e-03
5.89403974e+00 3.08620546e-03
5.96026490e+00 2.59378755e-03
6.02649007e+00 2.15236108e-03
6.09271523e+00 1.76011612e-03
6.15894040e+00 1.41522186e-03
6.22516556e+00 1.11578169e-03
6.29139073e+00 8.59765509e-04
6.35761589e+00 6.44918314e-04
6.42384106e+00 4.68662972e-04
6.49006623e+00 3.28005998e-04
6.55629139e+00 2.19472692e-04
6.62251656e+00 1.39099868e-04
6.68874172e+00 8.25090660e-05
6.75496689e+00 4.50739871e-05
6.82119205e+00 2.21749446e-05
6.88741722e+00 9.50488866e-06
6.95364238e+00 3.36785799e-06
7.01986755e+00 0.00000000e+00
7.08609272e+00 0.00000000e+00
7.15231788e+00 0.00000000e+00
7.21854305e+00 0.00000000e+00
7.28476821e+00 0.00000000e+00
7.35099338e+00 0.00000000e+00
7.41721854e+00 0.00000000e+00
7.48344371e+00 0.00000000e+00
7.54966887e+00 0.00000000e+00
7.61589404e+00 0.00000000e+00
7.68211921e+00 0.00000000e+00
7.74834437e+00 0.00000000e+00
7.81456954e+00 0.00000000e+00
7.88079470e+00 0.00000000e+00
7.94701987e+00 0.00000000e+00
8.01324503e+00 0.00000000e+00
8.07947020e+00 0.00000000e+00
8.14569536e+00 0.00000000e+00
8.21192053e+00 0.00000000e+00
8.27814570e+00 0.00000000e+00
8.34437086e+00 0.00000000e+00
8.41059603e+00 0.00000000e+00
8.47682119e+00 0.00000000e+00
8.54304636e+00 0.00000000e+00
8.60927152e+00 0.00000000e+00
8.67549669e+00 0.00000000e+00
8.74172185e+00 0.00000000e+00
8.80794702e+00 0.00000000e+00
8.87417219e+00 0.00000000e+00
8.94039735e+00 0.00000000e+00
9.00662252e+00 0.00000000e+00
9.07284768e+00 0.00000000e+00
9.13907285e+00 0.00000000e+00
9.20529801e+00 0.00000000e+00
9.27152318e+00 0.00000000e+00
9.33774834e+00 0.00000000e+00
9.40397351e+00 0.00000000e+00
9.47019868e+00 0.00000000e+00
9.53642384e+00 0.00000000e+00
9.60264901e+00 0.00000000e+00
9.66887417e+00 0.00000000e+00
9.73509934e+00 0.00000000e+00
9.80132450e+00 0.00000000e+00
9.86754967e+00 0.00000000e+00
9.93377483e+00 0.00000000e+00
1.00000000e+01 0.00000000e+00
