# Y		dSigma/dY [pb]
-5.000000e+00 0.000000e+00
-4.898990e+00 0.000000e+00
-4.797980e+00 0.000000e+00
-4.696970e+00 0.000000e+00
-4.595960e+00 0.000000e+00
-4.494949e+00 0.000000e+00
-4.393939e+00 0.000000e+00
-4.292929e+00 0.000000e+00
-4.191919e+00 0.000000e+00
-4.090909e+00 0.000000e+00
-3.989899e+00 0.000000e+00
-3.888889e+00 0.000000e+00
-3.787879e+00 0.000000e+00
-3.686869e+00 0.000000e+00
-3.585859e+00 0.000000e+00
-3.484848e+00 0.000000e+00
-3.383838e+00 0.000000e+00
-3.282828e+00 0.000000e+00
-3.181818e+00 0.000000e+00
-3.080808e+00 0.000000e+00
-2.979798e+00 0.000000e+00
-2.878788e+00 0.000000e+00
-2.777778e+00 0.000000e+00
-2.676768e+00 0.000000e+00
-2.575758e+00 0.000000e+00
-2.474747e+00 0.000000e+00
-2.373737e+00 0.000000e+00
-2.272727e+00 0.000000e+00
-2.171717e+00 0.000000e+00
-2.070707e+00 0.000000e+00
-1.969697e+00 0.000000e+00
-1.868687e+00 0.000000e+00
-1.767677e+00 0.000000e+00
-1.666667e+00 0.000000e+00
-1.565657e+00 0.000000e+00
-1.464646e+00 0.000000e+00
-1.363636e+00 0.000000e+00
-1.262626e+00 0.000000e+00
-1.161616e+00 0.000000e+00
-1.060606e+00 0.000000e+00
-9.595960e-01 0.000000e+00
-8.585859e-01 0.000000e+00
-7.575758e-01 0.000000e+00
-6.565657e-01 0.000000e+00
-5.555556e-01 0.000000e+00
-4.545455e-01 0.000000e+00
-3.535354e-01 0.000000e+00
-2.525253e-01 0.000000e+00
-1.515152e-01 0.000000e+00
-5.050505e-02 0.000000e+00
5.050505e-02 0.000000e+00
1.515152e-01 0.000000e+00
2.525253e-01 0.000000e+00
3.535354e-01 0.000000e+00
4.545455e-01 0.000000e+00
5.555556e-01 0.000000e+00
6.565657e-01 0.000000e+00
7.575758e-01 0.000000e+00
8.585859e-01 0.000000e+00
9.595960e-01 0.000000e+00
1.060606e+00 0.000000e+00
1.161616e+00 0.000000e+00
1.262626e+00 0.000000e+00
1.363636e+00 0.000000e+00
1.464646e+00 0.000000e+00
1.565657e+00 0.000000e+00
1.666667e+00 0.000000e+00
1.767677e+00 0.000000e+00
1.868687e+00 0.000000e+00
1.969697e+00 0.000000e+00
2.070707e+00 0.000000e+00
2.171717e+00 0.000000e+00
2.272727e+00 0.000000e+00
2.373737e+00 0.000000e+00
2.474747e+00 0.000000e+00
2.575758e+00 0.000000e+00
2.676768e+00 0.000000e+00
2.777778e+00 0.000000e+00
2.878788e+00 0.000000e+00
2.979798e+00 0.000000e+00
3.080808e+00 0.000000e+00
3.181818e+00 0.000000e+00
3.282828e+00 0.000000e+00
3.383838e+00 0.000000e+00
3.484848e+00 0.000000e+00
3.585859e+00 0.000000e+00
3.686869e+00 0.000000e+00
3.787879e+00 0.000000e+00
3.888889e+00 0.000000e+00
3.989899e+00 0.000000e+00
4.090909e+00 0.000000e+00
4.191919e+00 0.000000e+00
4.292929e+00 0.000000e+00
4.393939e+00 0.000000e+00
4.494949e+00 0.000000e+00
4.595960e+00 0.000000e+00
4.696970e+00 0.000000e+00
4.797980e+00 0.000000e+00
4.898990e+00 0.000000e+00
5.000000e+00 0.000000e+00
