# W [GeV]    S_yy [GeV^-1]
1.000000e+01    3.150025e-04
1.015366e+01    3.097739e-04
1.046809e+01    3.002860e-04
1.079226e+01    2.903432e-04
1.095810e+01    2.855990e-04
1.112648e+01    2.812068e-04
1.129744e+01    2.758765e-04
1.164730e+01    2.672643e-04
1.200799e+01    2.589218e-04
1.237985e+01    2.495443e-04
1.257007e+01    2.460910e-04
1.295934e+01    2.382445e-04
1.336066e+01    2.308143e-04
1.356595e+01    2.271098e-04
1.377440e+01    2.230474e-04
1.398606e+01    2.196229e-04
1.441917e+01    2.125574e-04
1.464074e+01    2.089208e-04
1.486570e+01    2.053109e-04
1.509413e+01    2.021656e-04
1.532606e+01    1.986571e-04
1.580067e+01    1.924199e-04
1.628998e+01    1.861202e-04
1.654029e+01    1.833437e-04
1.679444e+01    1.798737e-04
1.705250e+01    1.769510e-04
1.731453e+01    1.740366e-04
1.758058e+01    1.711749e-04
1.785072e+01    1.684260e-04
1.812501e+01    1.656293e-04
1.868629e+01    1.600177e-04
1.897342e+01    1.572169e-04
1.956099e+01    1.522315e-04
1.986155e+01    1.498230e-04
2.016674e+01    1.472605e-04
2.047662e+01    1.449360e-04
2.079126e+01    1.424984e-04
2.111073e+01    1.401572e-04
2.176448e+01    1.355149e-04
2.209891e+01    1.331716e-04
2.243848e+01    1.310438e-04
2.278326e+01    1.287944e-04
2.313334e+01    1.265343e-04
2.348881e+01    1.245563e-04
2.384973e+01    1.224060e-04
2.496612e+01    1.163216e-04
2.534974e+01    1.144038e-04
2.573926e+01    1.122968e-04
2.653634e+01    1.086548e-04
2.694409e+01    1.068306e-04
2.777849e+01    1.006132e-04
2.820533e+01    1.014765e-04
2.863872e+01    9.952843e-05
2.907878e+01    9.797208e-05
2.952560e+01    9.626335e-05
3.043993e+01    9.305769e-05
3.235443e+01    8.677048e-05
3.438934e+01    8.086797e-05
3.545430e+01    7.801140e-05
3.599908e+01    7.669018e-05
3.711389e+01    7.401914e-05
3.768417e+01    7.274353e-05
3.826321e+01    7.137129e-05
3.885116e+01    7.011965e-05
3.944814e+01    6.888824e-05
4.005429e+01    6.765265e-05
4.129467e+01    6.516720e-05
4.192920e+01    6.402632e-05
4.257347e+01    6.284049e-05
4.322765e+01    6.173395e-05
4.525110e+01    5.841825e-05
4.594642e+01    5.729155e-05
4.665242e+01    5.620397e-05
4.736927e+01    5.521642e-05
4.809713e+01    5.416819e-05
4.883618e+01    5.322398e-05
4.958659e+01    5.222697e-05
5.112217e+01    5.024011e-05
5.190770e+01    4.927712e-05
5.270530e+01    4.831721e-05
5.351516e+01    4.738963e-05
5.433746e+01    4.644255e-05
5.517240e+01    4.555137e-05
5.602016e+01    4.467140e-05
5.688096e+01    4.383078e-05
5.775498e+01    4.293544e-05
5.954351e+01    4.124856e-05
6.045844e+01    4.042747e-05
6.138743e+01    3.961598e-05
6.233070e+01    3.881184e-05
6.328846e+01    3.804707e-05
6.426093e+01    3.724251e-05
6.524835e+01    3.652261e-05
6.726894e+01    3.502361e-05
6.830258e+01    3.425034e-05
6.935210e+01    3.356364e-05
7.259842e+01    3.145525e-05
7.371395e+01    3.080982e-05
7.484662e+01    3.012907e-05
7.599669e+01    2.947550e-05
7.716444e+01    2.882689e-05
7.835013e+01    2.819508e-05
7.955404e+01    2.757055e-05
8.077645e+01    2.697739e-05
8.201764e+01    2.634659e-05
8.327791e+01    2.573049e-05
8.455754e+01    2.516648e-05
8.585683e+01    2.456533e-05
8.717608e+01    2.400183e-05
8.851561e+01    2.343185e-05
9.125673e+01    2.235228e-05
9.265896e+01    2.182823e-05
9.552839e+01    2.078023e-05
9.699626e+01    2.027431e-05
9.848668e+01    1.977240e-05
1.000000e+02    1.929079e-05
1.015366e+02    1.881562e-05
1.030968e+02    1.834404e-05
1.046809e+02    1.787636e-05
1.095810e+02    1.654819e-05
1.112648e+02    1.611496e-05
1.129744e+02    1.568527e-05
1.147104e+02    1.527123e-05
1.164730e+02    1.486731e-05
1.182627e+02    1.441619e-05
1.200799e+02    1.386251e-05
1.219250e+02    1.333487e-05
1.257007e+02    1.231553e-05
1.276322e+02    1.182147e-05
1.295934e+02    1.135214e-05
1.315847e+02    1.089478e-05
1.336066e+02    1.045148e-05
1.356595e+02    1.002763e-05
1.377440e+02    9.612667e-06
1.398606e+02    9.210632e-06
1.420097e+02    8.826587e-06
1.441917e+02    8.455821e-06
1.464074e+02    8.091839e-06
1.509413e+02    7.408126e-06
1.532606e+02    7.086950e-06
1.556155e+02    6.772527e-06
1.604346e+02    6.178716e-06
1.628998e+02    5.899535e-06
1.654029e+02    5.627597e-06
1.679444e+02    5.364816e-06
1.731453e+02    4.871081e-06
1.758058e+02    4.638142e-06
1.785072e+02    4.415808e-06
1.812501e+02    4.198713e-06
1.840351e+02    3.989357e-06
1.868629e+02    3.791790e-06
1.897342e+02    3.598766e-06
1.926496e+02    3.414760e-06
1.956099e+02    3.236534e-06
1.986155e+02    3.065523e-06
2.047662e+02    2.744587e-06
2.079126e+02    2.596184e-06
2.111073e+02    2.449877e-06
2.143512e+02    2.309585e-06
2.176448e+02    2.177027e-06
2.209891e+02    2.050440e-06
2.243848e+02    1.929307e-06
2.278326e+02    1.812778e-06
2.313334e+02    1.702084e-06
2.348881e+02    1.595470e-06
2.458830e+02    1.304114e-06
2.496612e+02    1.216802e-06
2.534974e+02    1.131418e-06
2.573926e+02    1.051202e-06
2.613476e+02    9.746783e-07
2.694409e+02    8.334747e-07
2.820533e+02    6.464780e-07
2.907878e+02    5.369546e-07
2.952560e+02    4.869855e-07
2.997928e+02    4.390648e-07
3.090767e+02    3.522105e-07
3.186480e+02    2.742674e-07
3.235443e+02    2.389969e-07
3.335637e+02    1.742666e-07
3.386892e+02    1.445758e-07
3.438934e+02    1.173146e-07
3.599908e+02    4.563505e-08
3.711389e+02    7.688284e-09
3.768417e+02    0.000000e+00
3.826321e+02    0.000000e+00
3.885116e+02    0.000000e+00
3.944814e+02    0.000000e+00
4.005429e+02    0.000000e+00
4.066975e+02    0.000000e+00
4.129467e+02    0.000000e+00
4.192920e+02    0.000000e+00
4.257347e+02    0.000000e+00
4.322765e+02    0.000000e+00
4.389187e+02    0.000000e+00
4.456630e+02    0.000000e+00
4.525110e+02    0.000000e+00
4.594642e+02    0.000000e+00
4.665242e+02    0.000000e+00
4.736927e+02    0.000000e+00
4.809713e+02    0.000000e+00
4.883618e+02    0.000000e+00
4.958659e+02    0.000000e+00
5.034853e+02    0.000000e+00
5.112217e+02    0.000000e+00
5.190770e+02    0.000000e+00
5.270530e+02    0.000000e+00
5.351516e+02    0.000000e+00
5.433746e+02    0.000000e+00
5.517240e+02    0.000000e+00
5.602016e+02    0.000000e+00
5.688096e+02    0.000000e+00
5.775498e+02    0.000000e+00
5.864242e+02    0.000000e+00
5.954351e+02    0.000000e+00
6.045844e+02    0.000000e+00
6.138743e+02    0.000000e+00
6.233070e+02    0.000000e+00
6.328846e+02    0.000000e+00
6.426093e+02    0.000000e+00
6.524835e+02    0.000000e+00
6.625094e+02    0.000000e+00
6.726894e+02    0.000000e+00
6.830258e+02    0.000000e+00
6.935210e+02    0.000000e+00
7.041775e+02    0.000000e+00
7.149977e+02    0.000000e+00
7.259842e+02    0.000000e+00
7.371395e+02    0.000000e+00
7.484662e+02    0.000000e+00
7.599669e+02    0.000000e+00
7.716444e+02    0.000000e+00
7.835013e+02    0.000000e+00
7.955404e+02    0.000000e+00
8.077645e+02    0.000000e+00
8.201764e+02    0.000000e+00
8.327791e+02    0.000000e+00
8.455754e+02    0.000000e+00
8.585683e+02    0.000000e+00
8.717608e+02    0.000000e+00
8.851561e+02    0.000000e+00
8.987572e+02    0.000000e+00
9.125673e+02    0.000000e+00
9.265896e+02    0.000000e+00
9.408273e+02    0.000000e+00
9.552839e+02    0.000000e+00
9.699626e+02    0.000000e+00
9.848668e+02    0.000000e+00
1.000000e+03    0.000000e+00
