# W_Value [GeV] Elastic [pb] Inelastic [pb]
1.00000000e+01	1.27731807e+02	3.36565459e+01
1.01536600e+01	1.23129733e+02	3.25323921e+01
1.04680900e+01	1.14387940e+02	3.14433999e+01
1.07922600e+01	1.06241790e+02	3.03898260e+01
1.09581000e+01	1.02384242e+02	2.93707584e+01
1.11264800e+01	9.86616555e+01	2.83838355e+01
1.14710400e+01	9.15963755e+01	2.74288129e+01
1.18262700e+01	8.50176845e+01	2.65047343e+01
1.20079900e+01	8.19022694e+01	2.56099581e+01
1.21925000e+01	7.88962001e+01	2.47442158e+01
1.23798500e+01	7.59966104e+01	2.39064614e+01
1.25700700e+01	7.31984585e+01	2.30960000e+01
1.27632200e+01	7.04985579e+01	2.23112929e+01
1.29593400e+01	6.78942214e+01	2.15510423e+01
1.31584700e+01	6.53825622e+01	2.08155683e+01
1.33606600e+01	6.29608366e+01	2.01050752e+01
1.37744000e+01	5.83677192e+01	1.94183239e+01
1.39860600e+01	5.61948147e+01	1.87533869e+01
1.42009700e+01	5.40999847e+01	1.81099034e+01
1.44191700e+01	5.20800693e+01	1.74875479e+01
1.46407400e+01	5.01328733e+01	1.68858931e+01
1.50941300e+01	4.64424491e+01	1.57406611e+01
1.55615500e+01	4.30117425e+01	1.51966373e+01
1.58006700e+01	4.13901622e+01	1.46702957e+01
1.60434600e+01	3.98274350e+01	1.41609744e+01
1.62899800e+01	3.83210856e+01	1.36686860e+01
1.65402900e+01	3.68693418e+01	1.31930750e+01
1.67944400e+01	3.54703338e+01	1.27327610e+01
1.70525000e+01	3.41223805e+01	1.22876069e+01
1.73145300e+01	3.28236586e+01	1.18580357e+01
1.75805800e+01	3.15722346e+01	1.14427209e+01
1.81250100e+01	2.92032624e+01	1.10408358e+01
1.84035100e+01	2.80847120e+01	1.06523549e+01
1.86862900e+01	2.70072158e+01	1.02771393e+01
1.89734200e+01	2.59691988e+01	9.91474235e+00
1.95609900e+01	2.40040341e+01	9.56441090e+00
1.98615500e+01	2.30762713e+01	9.22595746e+00
2.01667400e+01	2.21832168e+01	8.89917213e+00
2.04766200e+01	2.13232741e+01	8.58343848e+00
2.07912600e+01	2.04953943e+01	8.27854222e+00
2.11107300e+01	1.96983798e+01	7.98376978e+00
2.14351200e+01	1.89307268e+01	7.69874441e+00
2.17644800e+01	1.81916325e+01	7.42355185e+00
2.20989100e+01	1.74802183e+01	7.15798739e+00
2.24384800e+01	1.67956224e+01	6.90158172e+00
2.27832600e+01	1.61368917e+01	6.65366440e+00
2.34888100e+01	1.48914443e+01	6.41419372e+00
2.38497300e+01	1.43041266e+01	5.95982803e+00
2.42162000e+01	1.37388559e+01	5.74430531e+00
2.45883000e+01	1.31949142e+01	5.53604916e+00
2.49661200e+01	1.26715501e+01	5.33519364e+00
2.53497400e+01	1.21680545e+01	5.14125073e+00
2.57392600e+01	1.16837565e+01	4.95394396e+00
2.61347600e+01	1.12178578e+01	4.77312757e+00
2.65363400e+01	1.07697473e+01	4.59845448e+00
2.69440900e+01	1.03388389e+01	4.42996372e+00
2.73581100e+01	9.92434740e+00	4.26742218e+00
2.77784900e+01	9.52571338e+00	4.11053111e+00
2.82053300e+01	9.14239861e+00	3.95915185e+00
2.86387200e+01	8.77374612e+00	3.81304330e+00
2.90787800e+01	8.41929621e+00	3.67207926e+00
2.95256000e+01	8.07856541e+00	3.53608743e+00
2.99792800e+01	7.75099510e+00	3.40482424e+00
3.04399300e+01	7.43609665e+00	3.27805893e+00
3.09076700e+01	7.13343296e+00	3.15589279e+00
3.23544300e+01	6.29221583e+00	3.03816929e+00
3.33563700e+01	5.78547925e+00	2.92459446e+00
3.43893400e+01	5.31768262e+00	2.81512088e+00
3.49177600e+01	5.09768155e+00	2.70949456e+00
3.54543000e+01	4.88636664e+00	2.60762266e+00
3.59990800e+01	4.68341983e+00	2.50942401e+00
3.65522300e+01	4.48847970e+00	2.41469541e+00
3.71138900e+01	4.30123715e+00	2.32331046e+00
3.76841700e+01	4.12138751e+00	2.23526355e+00
3.82632100e+01	3.94871720e+00	2.15049441e+00
3.88511600e+01	3.78295183e+00	2.06868821e+00
4.00542900e+01	3.47068640e+00	1.98980029e+00
4.06697500e+01	3.32402339e+00	1.91383941e+00
4.19292000e+01	3.04788483e+00	1.84061028e+00
4.25734700e+01	2.91824812e+00	1.77004183e+00
4.32276500e+01	2.79380967e+00	1.70197934e+00
4.38918700e+01	2.67441718e+00	1.63629268e+00
4.45663000e+01	2.55990491e+00	1.57309809e+00
4.59464200e+01	2.34443007e+00	1.51228459e+00
4.66524200e+01	2.24332675e+00	1.45362814e+00
4.73692700e+01	2.14633664e+00	1.34256221e+00
4.80971300e+01	2.05332361e+00	1.29019753e+00
4.88361800e+01	1.96413474e+00	1.23976064e+00
4.95865900e+01	1.87860333e+00	1.19112698e+00
5.03485300e+01	1.79662028e+00	1.14429538e+00
5.11221700e+01	1.71803257e+00	1.09923252e+00
5.19077000e+01	1.64268048e+00	1.05584487e+00
5.27053000e+01	1.57045934e+00	1.01407145e+00
5.35151600e+01	1.50123369e+00	9.73865239e-01
5.43374600e+01	1.43489393e+00	9.35177679e-01
5.51724000e+01	1.37133394e+00	8.97929048e-01
5.60201600e+01	1.31043098e+00	8.62054094e-01
5.68809600e+01	1.25209420e+00	8.27548163e-01
5.77549800e+01	1.19621392e+00	7.94352897e-01
5.86424200e+01	1.14268479e+00	7.31592769e-01
5.95435100e+01	1.09141861e+00	7.01979070e-01
6.04584400e+01	1.04232480e+00	6.73514905e-01
6.13874300e+01	9.95311488e-01	6.46151417e-01
6.32884600e+01	9.07099213e-01	6.19820550e-01
6.42609300e+01	8.65851699e-01	5.94518196e-01
6.52483500e+01	8.26376568e-01	5.70197866e-01
6.62509400e+01	7.88587271e-01	5.24243434e-01
6.72689400e+01	7.52426218e-01	5.02590109e-01
6.83025800e+01	7.17832355e-01	4.81783363e-01
6.93521000e+01	6.84734498e-01	4.61779387e-01
7.04177500e+01	6.53072411e-01	4.42558741e-01
7.14997700e+01	6.22790112e-01	4.24101070e-01
7.25984200e+01	5.93826520e-01	4.06373652e-01
7.37139500e+01	5.66127721e-01	3.89326757e-01
7.48466200e+01	5.39642353e-01	3.72939691e-01
7.59966900e+01	5.14318479e-01	3.57200098e-01
7.71644400e+01	4.90112896e-01	3.42084171e-01
7.83501300e+01	4.66979912e-01	3.27567199e-01
7.95540400e+01	4.44868323e-01	3.13619399e-01
8.07764500e+01	4.23739459e-01	3.00239374e-01
8.20176400e+01	4.03550460e-01	2.87397684e-01
8.32779100e+01	3.84260260e-01	2.75056519e-01
8.45575400e+01	3.65838605e-01	2.63202460e-01
8.58568300e+01	3.48245133e-01	2.51826824e-01
8.85156100e+01	3.15365276e-01	2.40915386e-01
8.98757200e+01	3.00049526e-01	2.30448026e-01
9.26589600e+01	2.71441333e-01	2.20401668e-01
9.55283900e+01	2.45385567e-01	2.01496984e-01
9.69962600e+01	2.33260432e-01	1.92621712e-01
1.00000000e+02	2.10641741e-01	1.84113083e-01
1.01536600e+02	2.00125429e-01	1.75959141e-01
1.03096800e+02	1.90098900e-01	1.68139979e-01
1.06289400e+02	1.71406793e-01	1.60640706e-01
1.07922600e+02	1.62722793e-01	1.53450265e-01
1.09581000e+02	1.54448488e-01	1.39943983e-01
1.11264800e+02	1.46566433e-01	1.33615650e-01
1.12974400e+02	1.39058480e-01	1.21730591e-01
1.14710400e+02	1.31908783e-01	1.16169822e-01
1.16473000e+02	1.25102051e-01	1.10846478e-01
1.18262700e+02	1.18621572e-01	1.05746515e-01
1.20079900e+02	1.12452109e-01	1.00862788e-01
1.23798500e+02	1.00978156e-01	9.61873813e-02
1.25700700e+02	9.56633189e-02	9.17119377e-02
1.27632200e+02	9.06068410e-02	8.74296643e-02
1.29593400e+02	8.57963585e-02	8.33306992e-02
1.31584700e+02	8.12226011e-02	7.56443263e-02
1.33606600e+02	7.68752418e-02	7.20551150e-02
1.35659500e+02	7.27439964e-02	6.86260480e-02
1.37744000e+02	6.88182738e-02	6.53472865e-02
1.39860600e+02	6.50878058e-02	6.22110438e-02
1.42009700e+02	6.15441673e-02	5.92147901e-02
1.44191700e+02	5.81792828e-02	5.36075241e-02
1.46407400e+02	5.49840051e-02	5.09894965e-02
1.48657000e+02	5.19509526e-02	4.84905592e-02
1.50941300e+02	4.90717816e-02	4.61038775e-02
1.53260600e+02	4.63400125e-02	4.38245539e-02
1.55615500e+02	4.37488764e-02	4.16503788e-02
1.58006700e+02	4.12908685e-02	3.95732496e-02
1.60434600e+02	3.89600055e-02	3.75907216e-02
1.65402900e+02	3.46494835e-02	3.56996864e-02
1.67944400e+02	3.26644825e-02	3.21697876e-02
1.73145300e+02	2.89979517e-02	2.89600701e-02
1.75805800e+02	2.73120337e-02	2.74687689e-02
1.78507200e+02	2.57162405e-02	2.60467966e-02
1.81250100e+02	2.42058560e-02	2.46917164e-02
1.84035100e+02	2.27767805e-02	2.34013895e-02
1.86862900e+02	2.14250038e-02	2.21722072e-02
1.89734200e+02	2.01465161e-02	2.10024929e-02
1.92649600e+02	1.89379545e-02	1.88269968e-02
1.95609900e+02	1.77957439e-02	1.78179535e-02
1.98615500e+02	1.67166646e-02	1.59416510e-02
2.01667400e+02	1.56973883e-02	1.50731238e-02
2.04766200e+02	1.47347826e-02	1.34600778e-02
2.07912600e+02	1.38261822e-02	1.20037667e-02
2.11107300e+02	1.29687172e-02	1.06908038e-02
2.14351200e+02	1.21596882e-02	1.00846280e-02
2.17644800e+02	1.13968257e-02	9.50940197e-03
2.24384800e+02	9.99759950e-03	8.96347855e-03
2.27832600e+02	9.35894228e-03	8.44570682e-03
2.31333400e+02	8.75742539e-03	7.95488653e-03
2.34888100e+02	8.19105084e-03	7.49001136e-03
2.38497300e+02	7.65791136e-03	7.04982677e-03
2.42162000e+02	7.15625262e-03	6.63255460e-03
2.45883000e+02	6.68450281e-03	6.23745923e-03
2.49661200e+02	6.24105553e-03	5.86366320e-03
2.53497400e+02	5.82438013e-03	5.50992170e-03
2.57392600e+02	5.43292469e-03	5.17524726e-03
2.61347600e+02	5.06521996e-03	4.85870315e-03
2.65363400e+02	4.71996454e-03	4.55944703e-03
2.69440900e+02	4.39600617e-03	4.27668574e-03
2.73581100e+02	4.09221788e-03	4.00954691e-03
2.77784900e+02	3.80744628e-03	3.75724843e-03
2.86387200e+02	3.28976555e-03	3.51911245e-03
2.90787800e+02	3.05573436e-03	3.29461533e-03
2.95256000e+02	2.83672982e-03	3.08286968e-03
2.99792800e+02	2.63192024e-03	2.88312373e-03
3.04399300e+02	2.44043193e-03	2.69491266e-03
3.09076700e+02	2.26146469e-03	2.51769821e-03
3.13825900e+02	2.09429147e-03	2.35077988e-03
3.18648000e+02	1.93826927e-03	2.19366432e-03
3.28515800e+02	1.65636611e-03	2.04595928e-03
3.33563700e+02	1.52980325e-03	1.90713174e-03
3.38689200e+02	1.41194041e-03	1.77664829e-03
3.54543000e+02	1.10359964e-03	1.65405520e-03
3.59990800e+02	1.01542219e-03	1.43053573e-03
3.65522300e+02	9.33532942e-04	1.32923879e-03
3.71138900e+02	8.57537756e-04	1.23433047e-03
3.82632100e+02	7.21417213e-04	1.14543729e-03
3.88511600e+02	6.60900353e-04	9.84004819e-04
3.94481400e+02	6.04882597e-04	6.59734015e-04
4.00542900e+02	5.53090006e-04	6.08108319e-04
4.06697500e+02	5.05242059e-04	5.60042205e-04
4.12946700e+02	4.61059432e-04	5.15287059e-04
4.25734700e+02	3.82534712e-04	4.73646974e-04
4.32276500e+02	3.47932044e-04	4.34947843e-04
4.45663000e+02	2.86640580e-04	3.99023684e-04
4.52511000e+02	2.59744823e-04	3.65702347e-04
4.59464200e+02	2.35072114e-04	3.06056616e-04
4.73692700e+02	1.91627229e-04	2.54973370e-04
4.80971300e+02	1.72684132e-04	1.91849681e-04
4.88361800e+02	1.55377586e-04	1.57756977e-04
4.95865900e+02	1.39584254e-04	1.42785245e-04
5.03485300e+02	1.25190224e-04	1.29039270e-04
5.11221700e+02	1.12087246e-04	1.16439650e-04
5.19077000e+02	1.00175407e-04	1.04902792e-04
5.27053000e+02	8.93626903e-05	9.43564493e-05
5.43374600e+02	7.06261616e-05	8.47310674e-05
5.51724000e+02	6.26062625e-05	7.59528175e-05
5.60201600e+02	5.53717039e-05	6.79560242e-05
5.68809600e+02	4.88567539e-05	6.06883069e-05
5.77549800e+02	4.29998584e-05	5.40951482e-05
5.86424200e+02	3.77459407e-05	4.81201992e-05
5.95435100e+02	3.30414867e-05	3.77980783e-05
6.04584400e+02	2.88390807e-05	3.33990335e-05
6.13874300e+02	2.50942683e-05	2.94416803e-05
6.23307000e+02	2.17650093e-05	2.58885872e-05
6.32884600e+02	1.88129901e-05	2.27062754e-05
6.42609300e+02	1.62020742e-05	1.98612780e-05
6.62509400e+02	1.18562214e-05	1.73237821e-05
6.72689400e+02	1.00847580e-05	1.50655990e-05
6.83025800e+02	8.53834885e-06	1.30610066e-05
7.04177500e+02	6.01487176e-06	9.70452511e-06
7.14997700e+02	5.01130850e-06	8.32622933e-06
7.25984200e+02	4.15011963e-06	6.04781396e-06
7.37139500e+02	3.41494104e-06	5.12629113e-06
7.48466200e+02	2.79097261e-06	4.32576706e-06
7.71644400e+02	1.81478983e-06	3.63303172e-06
7.83501300e+02	1.44696996e-06	3.03614011e-06
7.95540400e+02	1.14292230e-06	2.08045111e-06
8.07764500e+02	8.93687539e-07	1.70876687e-06
8.20176400e+02	6.91174268e-07	1.39450048e-06
8.32779100e+02	5.28120954e-07	1.13028361e-06
8.45575400e+02	3.98223265e-07	9.09354019e-07
8.58568300e+02	2.95900391e-07	7.25834130e-07
8.71760800e+02	2.16315851e-07	5.74417889e-07
8.85156100e+02	1.55261707e-07	4.50469404e-07
9.12567300e+02	7.31224991e-08	3.49784439e-07
9.26589600e+02	4.80824337e-08	2.68723900e-07
9.40827300e+02	3.01852781e-08	2.04084854e-07
9.55283900e+02	1.76891823e-08	1.53066963e-07
9.69962600e+02	9.19110302e-09	8.14038456e-08
9.84866800e+02	3.57927925e-09	3.98013255e-08
