# W_Value [GeV] Elastic [pb] Inelastic_I [pb] Inelastic_II [pb] Inelastic_III [pb]
1.00000000e+01	3.33726317e-02	2.92724120e-02	5.69315825e-02	7.07042147e-02
1.01536600e+01	3.33726317e-02	2.92724120e-02	5.69315825e-02	7.07042147e-02
1.03096800e+01	3.33726317e-02	2.92724120e-02	5.69315825e-02	7.07042147e-02
1.04680900e+01	3.33726317e-02	2.92724120e-02	5.69315825e-02	7.07042147e-02
1.06289400e+01	3.33726317e-02	2.92724120e-02	5.69315825e-02	7.07042147e-02
1.09581000e+01	3.33726317e-02	2.92724120e-02	5.69315825e-02	7.07042147e-02
1.11264800e+01	3.33726317e-02	2.92724120e-02	5.69315825e-02	7.07042147e-02
1.12974400e+01	3.33726317e-02	2.92724120e-02	5.69315825e-02	7.07042147e-02
1.14710400e+01	3.33726317e-02	2.92724120e-02	5.69315825e-02	7.07042147e-02
1.16473000e+01	3.33726317e-02	2.92724120e-02	5.69315825e-02	7.07042147e-02
1.18262700e+01	3.33726317e-02	2.92724120e-02	5.69315825e-02	7.07042147e-02
1.20079900e+01	3.33726317e-02	2.92724120e-02	5.69315825e-02	7.07042147e-02
1.21925000e+01	3.33726317e-02	2.92724120e-02	5.69315825e-02	7.07042147e-02
1.23798500e+01	3.33726317e-02	2.92724120e-02	5.69315825e-02	7.07042147e-02
1.25700700e+01	3.33726317e-02	2.92724120e-02	5.69315825e-02	7.07042147e-02
1.27632200e+01	3.33726317e-02	2.92724120e-02	5.69315825e-02	7.07042147e-02
1.29593400e+01	3.33726317e-02	2.92724120e-02	5.69315825e-02	7.07042147e-02
1.31584700e+01	3.33726317e-02	2.92724120e-02	5.69315825e-02	7.07042147e-02
1.35659500e+01	3.33726317e-02	2.92724120e-02	5.69315825e-02	7.07042147e-02
1.37744000e+01	3.33726317e-02	2.92724120e-02	5.69315825e-02	7.07042147e-02
1.39860600e+01	3.33726317e-02	2.92724120e-02	5.69315825e-02	7.07042147e-02
1.44191700e+01	3.33726317e-02	2.92724120e-02	5.69315825e-02	7.07042147e-02
1.46407400e+01	3.33726317e-02	2.92724120e-02	5.69315825e-02	7.07042147e-02
1.48657000e+01	3.33726317e-02	2.92724120e-02	5.69315825e-02	7.07042147e-02
1.50941300e+01	3.33726317e-02	2.92724120e-02	5.69315825e-02	7.07042147e-02
1.53260600e+01	3.33726317e-02	2.92724120e-02	5.69315825e-02	7.07042147e-02
1.55615500e+01	3.33726317e-02	2.92724120e-02	5.69315825e-02	7.07042147e-02
1.58006700e+01	3.33726317e-02	2.92724120e-02	5.69315825e-02	7.07042147e-02
1.60434600e+01	3.33726317e-02	2.92724120e-02	5.69315825e-02	7.07042147e-02
1.62899800e+01	3.33726317e-02	2.92724120e-02	5.69315825e-02	7.07042147e-02
1.65402900e+01	3.33726317e-02	2.92724120e-02	5.69315825e-02	7.07042147e-02
1.67944400e+01	3.33726317e-02	2.92724120e-02	5.69315825e-02	7.07042147e-02
1.70525000e+01	3.33726317e-02	2.92724120e-02	5.69315825e-02	7.07042147e-02
1.73145300e+01	3.33726317e-02	2.92724120e-02	5.69315825e-02	7.07042147e-02
1.75805800e+01	3.33726317e-02	2.92724120e-02	5.69315825e-02	7.07042147e-02
1.78507200e+01	3.33726317e-02	2.92724120e-02	5.69315825e-02	7.07042147e-02
1.81250100e+01	3.33726317e-02	2.92724120e-02	5.69315825e-02	7.07042147e-02
1.84035100e+01	3.33726317e-02	2.92724120e-02	5.69315825e-02	7.07042147e-02
1.86862900e+01	3.33726317e-02	2.92724120e-02	5.69315825e-02	7.07042147e-02
1.89734200e+01	3.33726317e-02	2.92724120e-02	5.69315825e-02	7.07042147e-02
1.95609900e+01	3.33726317e-02	2.92724120e-02	5.69315825e-02	7.07042147e-02
1.98615500e+01	3.33726317e-02	2.92724120e-02	5.69315825e-02	7.07042147e-02
2.01667400e+01	3.33726317e-02	2.92724120e-02	5.69315825e-02	7.07042147e-02
2.04766200e+01	3.33726317e-02	2.92724120e-02	5.69315825e-02	7.07042147e-02
2.07912600e+01	3.33726317e-02	2.92724120e-02	5.69315825e-02	7.07042147e-02
2.11107300e+01	3.33726317e-02	2.92724120e-02	5.69315825e-02	7.07042147e-02
2.20989100e+01	3.33726317e-02	2.92724120e-02	5.69315825e-02	7.07042147e-02
2.24384800e+01	3.33726317e-02	2.92724120e-02	5.69315825e-02	7.07042147e-02
2.27832600e+01	3.33726317e-02	2.92724120e-02	5.69315825e-02	7.07042147e-02
2.31333400e+01	3.33726317e-02	2.92724120e-02	5.69315825e-02	7.07042147e-02
2.34888100e+01	3.33726317e-02	2.92724120e-02	5.69315825e-02	7.07042147e-02
2.42162000e+01	3.33726317e-02	2.92724120e-02	5.69315825e-02	7.07042147e-02
2.45883000e+01	3.33726317e-02	2.92724120e-02	5.69315825e-02	7.07042147e-02
2.49661200e+01	3.33726317e-02	2.92724120e-02	5.69315825e-02	7.07042147e-02
2.53497400e+01	3.33726317e-02	2.92724120e-02	5.69315825e-02	7.07042147e-02
2.57392600e+01	3.33726317e-02	2.92724120e-02	5.69315825e-02	7.07042147e-02
2.61347600e+01	3.33726317e-02	2.92724120e-02	5.69315825e-02	7.07042147e-02
2.65363400e+01	3.33726317e-02	2.92724120e-02	5.69315825e-02	7.07042147e-02
2.69440900e+01	3.33726317e-02	2.92724120e-02	5.69315825e-02	7.07042147e-02
2.77784900e+01	3.33726317e-02	2.92724120e-02	5.69315825e-02	7.07042147e-02
2.82053300e+01	3.33726317e-02	2.92724120e-02	5.69315825e-02	7.07042147e-02
2.86387200e+01	3.33726317e-02	2.92724120e-02	5.69315825e-02	7.07042147e-02
2.90787800e+01	3.33726317e-02	2.92724120e-02	5.69315825e-02	7.07042147e-02
2.95256000e+01	3.33726317e-02	2.92724120e-02	5.69315825e-02	7.07042147e-02
2.99792800e+01	3.33726317e-02	2.92724120e-02	5.69315825e-02	7.07042147e-02
3.04399300e+01	3.33726317e-02	2.92724120e-02	5.69315825e-02	7.07042147e-02
3.13825900e+01	3.33726317e-02	2.92724120e-02	5.69315825e-02	7.07042147e-02
3.18648000e+01	3.33726317e-02	2.92724120e-02	5.69315825e-02	7.07042147e-02
3.23544300e+01	3.33726317e-02	2.92724120e-02	5.69315825e-02	7.07042147e-02
3.33563700e+01	3.33726317e-02	2.92724120e-02	5.69315825e-02	7.07042147e-02
3.43893400e+01	3.33726317e-02	2.92724120e-02	5.69315825e-02	7.07042147e-02
3.49177600e+01	3.33726317e-02	2.92724120e-02	5.69315825e-02	7.07042147e-02
3.54543000e+01	3.33726317e-02	2.92724120e-02	5.69315825e-02	7.07042147e-02
3.59990800e+01	3.33726317e-02	2.92724120e-02	5.69315825e-02	7.07042147e-02
3.65522300e+01	3.33726317e-02	2.92724120e-02	5.69315825e-02	7.07042147e-02
3.71138900e+01	3.33726317e-02	2.92724120e-02	5.69315825e-02	7.07042147e-02
3.82632100e+01	3.33726317e-02	2.92724120e-02	5.69315825e-02	7.07042147e-02
3.88511600e+01	3.33726317e-02	2.92724120e-02	5.69315825e-02	7.07042147e-02
3.94481400e+01	3.33726317e-02	2.92724120e-02	5.69315825e-02	7.07042147e-02
4.00542900e+01	3.33726317e-02	2.92724120e-02	5.69315825e-02	7.07042147e-02
4.06697500e+01	3.33726317e-02	2.92724120e-02	5.69315825e-02	7.07042147e-02
4.12946700e+01	3.33726317e-02	2.92724120e-02	5.69315825e-02	7.07042147e-02
4.19292000e+01	3.33726317e-02	2.92724120e-02	5.69315825e-02	7.07042147e-02
4.25734700e+01	3.33726317e-02	2.92724120e-02	5.69315825e-02	7.07042147e-02
4.32276500e+01	3.33726317e-02	2.92724120e-02	5.69315825e-02	7.07042147e-02
4.38918700e+01	3.33726317e-02	2.92724120e-02	5.69315825e-02	7.07042147e-02
4.45663000e+01	3.33726317e-02	2.92724120e-02	5.69315825e-02	7.07042147e-02
4.52511000e+01	3.33726317e-02	2.92724120e-02	5.69315825e-02	7.07042147e-02
4.59464200e+01	3.33726317e-02	2.92724120e-02	5.69315825e-02	7.07042147e-02
4.66524200e+01	3.33726317e-02	2.92724120e-02	5.69315825e-02	7.07042147e-02
4.73692700e+01	3.33726317e-02	2.92724120e-02	5.69315825e-02	7.07042147e-02
4.80971300e+01	3.33726317e-02	2.92724120e-02	5.69315825e-02	7.07042147e-02
4.95865900e+01	3.33726317e-02	2.92724120e-02	5.69315825e-02	7.07042147e-02
5.03485300e+01	3.33726317e-02	2.92724120e-02	5.69315825e-02	7.07042147e-02
5.11221700e+01	3.33726317e-02	2.92724120e-02	5.69315825e-02	7.07042147e-02
5.19077000e+01	3.33726317e-02	2.92724120e-02	5.69315825e-02	7.07042147e-02
5.27053000e+01	3.33726317e-02	2.92724120e-02	5.69315825e-02	7.07042147e-02
5.35151600e+01	3.33726317e-02	2.92724120e-02	5.69315825e-02	7.07042147e-02
5.43374600e+01	3.33726317e-02	2.92724120e-02	5.69315825e-02	7.07042147e-02
5.51724000e+01	3.33726317e-02	2.92724120e-02	5.69315825e-02	7.07042147e-02
5.60201600e+01	3.33726317e-02	2.92724120e-02	5.69315825e-02	7.07042147e-02
5.77549800e+01	3.33726317e-02	2.92724120e-02	5.69315825e-02	7.07042147e-02
5.86424200e+01	3.33726317e-02	2.92724120e-02	5.69315825e-02	7.07042147e-02
5.95435100e+01	3.33726317e-02	2.92724120e-02	5.69315825e-02	7.07042147e-02
6.04584400e+01	3.33726317e-02	2.92724120e-02	5.69315825e-02	7.07042147e-02
6.23307000e+01	3.33726317e-02	2.92724120e-02	5.69315825e-02	7.07042147e-02
6.32884600e+01	3.33726317e-02	2.92724120e-02	5.69315825e-02	7.07042147e-02
6.42609300e+01	3.33726317e-02	2.92724120e-02	5.69315825e-02	7.07042147e-02
6.62509400e+01	3.33726317e-02	2.92724120e-02	5.69315825e-02	7.07042147e-02
6.72689400e+01	3.33726317e-02	2.92724120e-02	5.69315825e-02	7.07042147e-02
6.83025800e+01	3.33726317e-02	2.92724120e-02	5.69315825e-02	7.07042147e-02
6.93521000e+01	3.33726317e-02	2.92724120e-02	5.69315825e-02	7.07042147e-02
7.04177500e+01	3.33726317e-02	2.92724120e-02	5.69315825e-02	7.07042147e-02
7.14997700e+01	3.33726317e-02	2.92724120e-02	5.69315825e-02	7.07042147e-02
7.25984200e+01	3.33726317e-02	2.92724120e-02	5.69315825e-02	7.07042147e-02
7.37139500e+01	3.33726317e-02	2.92724120e-02	5.69315825e-02	7.07042147e-02
7.48466200e+01	3.33726317e-02	2.92724120e-02	5.69315825e-02	7.07042147e-02
7.59966900e+01	3.33726317e-02	2.92724120e-02	5.69315825e-02	7.07042147e-02
7.71644400e+01	3.33726317e-02	2.92724120e-02	5.69315825e-02	7.07042147e-02
7.83501300e+01	3.33726317e-02	2.92724120e-02	5.69315825e-02	7.07042147e-02
7.95540400e+01	3.33726317e-02	2.92724120e-02	5.69315825e-02	7.07042147e-02
8.07764500e+01	3.33726317e-02	2.92724120e-02	5.69315825e-02	7.07042147e-02
8.20176400e+01	3.33726317e-02	2.92724120e-02	5.69315825e-02	7.07042147e-02
8.32779100e+01	3.33726317e-02	2.92724120e-02	5.69315825e-02	7.07042147e-02
8.45575400e+01	3.33726317e-02	2.92724120e-02	5.69315825e-02	7.07042147e-02
8.58568300e+01	3.33726317e-02	2.92724120e-02	5.69315825e-02	7.07042147e-02
8.71760800e+01	3.33726317e-02	2.92724120e-02	5.69315825e-02	7.07042147e-02
8.85156100e+01	3.33726317e-02	2.92724120e-02	5.69315825e-02	7.07042147e-02
8.98757200e+01	3.33726317e-02	2.92724120e-02	5.69315825e-02	7.07042147e-02
9.26589600e+01	3.33726317e-02	2.92724120e-02	5.69315825e-02	7.07042147e-02
9.40827300e+01	3.33726317e-02	2.92724120e-02	5.69315825e-02	7.07042147e-02
9.55283900e+01	3.33726317e-02	2.92724120e-02	5.69315825e-02	7.07042147e-02
9.69962600e+01	3.33726317e-02	2.92724120e-02	5.69315825e-02	7.07042147e-02
9.84866800e+01	3.33726317e-02	2.92724120e-02	5.69315825e-02	7.07042147e-02
1.00000000e+02	3.33726317e-02	2.92724120e-02	5.69315825e-02	7.07042147e-02
1.01536600e+02	3.33726317e-02	2.92724120e-02	5.69315825e-02	7.07042147e-02
1.04680900e+02	3.33726317e-02	2.92724120e-02	5.69315825e-02	7.07042147e-02
1.06289400e+02	3.33726317e-02	2.92724120e-02	5.69315825e-02	7.07042147e-02
1.07922600e+02	3.33726317e-02	2.92724120e-02	5.69315825e-02	7.07042147e-02
1.09581000e+02	3.33726317e-02	2.92724120e-02	5.69315825e-02	7.07042147e-02
1.11264800e+02	3.33726317e-02	2.92724120e-02	5.69315825e-02	7.07042147e-02
1.12974400e+02	3.33726317e-02	2.92724120e-02	5.69315825e-02	7.07042147e-02
1.14710400e+02	3.33726317e-02	2.92724120e-02	5.69315825e-02	7.07042147e-02
1.18262700e+02	3.33726317e-02	2.92724120e-02	5.69315825e-02	7.07042147e-02
1.20079900e+02	3.33726317e-02	2.92724120e-02	5.69315825e-02	7.07042147e-02
1.21925000e+02	3.33726317e-02	2.92724120e-02	5.69315825e-02	7.07042147e-02
1.23798500e+02	3.33726317e-02	2.92724120e-02	5.69315825e-02	7.07042147e-02
1.25700700e+02	3.33726317e-02	2.92724120e-02	5.69315825e-02	7.07042147e-02
1.27632200e+02	3.33726317e-02	2.92724120e-02	5.69315825e-02	7.07042147e-02
1.29593400e+02	3.33726317e-02	2.92724120e-02	5.69315825e-02	7.07042147e-02
1.33606600e+02	3.33726317e-02	2.92724120e-02	5.69315825e-02	7.07042147e-02
1.35659500e+02	3.33726317e-02	2.92724120e-02	5.69315825e-02	7.07042147e-02
1.37744000e+02	3.33726317e-02	2.92724120e-02	5.69315825e-02	7.07042147e-02
1.39860600e+02	3.33726317e-02	2.92724120e-02	5.69315825e-02	7.07042147e-02
1.42009700e+02	3.33726317e-02	2.92724120e-02	5.69315825e-02	7.07042147e-02
1.44191700e+02	3.33726317e-02	2.92724120e-02	5.69315825e-02	7.07042147e-02
1.46407400e+02	3.33726317e-02	2.92724120e-02	5.69315825e-02	7.07042147e-02
1.48657000e+02	3.33726317e-02	2.92724120e-02	5.69315825e-02	7.07042147e-02
1.50941300e+02	3.33726317e-02	2.92724120e-02	5.69315825e-02	7.07042147e-02
1.53260600e+02	3.33726317e-02	2.92724120e-02	5.69315825e-02	7.07042147e-02
1.60434600e+02	3.33726317e-02	2.92724120e-02	5.69315825e-02	7.07042147e-02
1.62899800e+02	3.32104704e-02	2.92724120e-02	5.69315825e-02	7.07042147e-02
1.65402900e+02	3.28157717e-02	2.92724120e-02	5.69315825e-02	7.07042147e-02
1.67944400e+02	3.23066179e-02	2.91515532e-02	5.56369095e-02	7.07042147e-02
1.70525000e+02	3.17177726e-02	2.88569070e-02	5.49037465e-02	7.07042147e-02
1.73145300e+02	3.10692326e-02	2.84760522e-02	5.40536044e-02	7.07042147e-02
1.75805800e+02	3.03742845e-02	2.80346893e-02	5.31147889e-02	7.07042147e-02
1.84035100e+02	2.81167837e-02	2.75469648e-02	5.21073908e-02	7.04081856e-02
1.86862900e+02	2.73194440e-02	2.70225901e-02	5.10436609e-02	6.96869435e-02
1.89734200e+02	2.65105422e-02	2.64691309e-02	4.99351477e-02	6.87548622e-02
1.92649600e+02	2.56940617e-02	2.58929235e-02	4.87921687e-02	6.76744130e-02
1.95609900e+02	2.48736561e-02	2.52987794e-02	4.76221029e-02	6.64817202e-02
1.98615500e+02	2.40521385e-02	2.46899120e-02	4.64315182e-02	6.52018102e-02
2.04766200e+02	2.24161078e-02	2.40692821e-02	4.52255103e-02	6.38534942e-02
2.07912600e+02	2.16051915e-02	2.34407335e-02	4.40099457e-02	6.24502185e-02
2.11107300e+02	2.08017359e-02	2.21710646e-02	4.27895541e-02	6.10034537e-02
2.14351200e+02	2.00074845e-02	2.15329136e-02	4.15660061e-02	5.95240212e-02
2.17644800e+02	1.92237544e-02	2.08957360e-02	4.03426365e-02	5.80191474e-02
2.20989100e+02	1.84514436e-02	2.02606064e-02	3.91233059e-02	5.64939236e-02
2.24384800e+02	1.76919460e-02	1.96285295e-02	3.79112266e-02	5.49554713e-02
2.27832600e+02	1.69464369e-02	1.90006490e-02	3.67079933e-02	5.34122649e-02
2.34888100e+02	1.54996635e-02	1.83785537e-02	3.31769398e-02	4.87991145e-02
2.42162000e+02	1.41157059e-02	1.77630949e-02	3.20303005e-02	4.72724229e-02
2.45883000e+02	1.34488180e-02	1.71549613e-02	2.97859057e-02	4.57573952e-02
2.49661200e+02	1.27991631e-02	1.65556218e-02	2.86932879e-02	4.42591782e-02
2.53497400e+02	1.21671488e-02	1.59655360e-02	2.76211901e-02	4.27783862e-02
2.57392600e+02	1.15530356e-02	1.53846452e-02	2.65688138e-02	4.13178721e-02
2.61347600e+02	1.09567137e-02	1.48136668e-02	2.55381411e-02	3.98785569e-02
2.69440900e+02	9.81793288e-03	1.42531249e-02	2.45308442e-02	3.84597039e-02
2.73581100e+02	9.27613901e-03	1.37039399e-02	2.35465663e-02	3.70646478e-02
2.77784900e+02	8.75243685e-03	1.31667474e-02	2.25856784e-02	3.56941899e-02
2.82053300e+02	8.24695739e-03	1.26412556e-02	2.16477693e-02	3.43487565e-02
2.86387200e+02	7.75955403e-03	1.21273504e-02	2.07333666e-02	3.30321390e-02
2.90787800e+02	7.29006948e-03	1.16257832e-02	1.98432140e-02	3.17439324e-02
2.95256000e+02	6.83843640e-03	1.11368792e-02	1.89770600e-02	3.04841741e-02
3.04399300e+02	5.98731177e-03	1.06603770e-02	1.81356464e-02	2.92539553e-02
3.18648000e+02	4.83797920e-03	1.01960645e-02	1.73177418e-02	2.80528429e-02
3.23544300e+02	4.48913273e-03	9.74441149e-03	1.65232098e-02	2.68821894e-02
3.28515800e+02	4.15663311e-03	9.30592516e-03	1.57526114e-02	2.46306124e-02
3.33563700e+02	3.83996979e-03	8.87999706e-03	1.50056940e-02	2.35502947e-02
3.38689200e+02	3.53895115e-03	8.06541235e-03	1.42833554e-02	2.25005564e-02
3.43893400e+02	3.25322492e-03	7.30127950e-03	1.35848333e-02	2.14810748e-02
3.54543000e+02	2.72555553e-03	6.93821709e-03	1.29089301e-02	2.04920283e-02
3.59990800e+02	2.48362798e-03	6.58755951e-03	1.22566093e-02	1.95342928e-02
3.65522300e+02	2.25582661e-03	6.24913803e-03	1.10192651e-02	1.86073475e-02
3.76841700e+02	1.83995531e-03	5.60819576e-03	1.04342576e-02	1.77101194e-02
3.82632100e+02	1.65146799e-03	5.30565353e-03	9.87138542e-03	1.68417988e-02
3.88511600e+02	1.47548539e-03	4.73428919e-03	8.80923572e-03	1.60022923e-02
3.94481400e+02	1.31159328e-03	4.46551000e-03	8.30990253e-03	1.51914876e-02
4.00542900e+02	1.15934040e-03	4.20782878e-03	7.83113282e-03	1.36561460e-02
4.06697500e+02	1.01846462e-03	3.96100513e-03	6.93221683e-03	1.29314151e-02
4.19292000e+02	7.68831272e-04	3.72454822e-03	6.10903691e-03	1.22336493e-02
4.25734700e+02	6.59755865e-04	3.49819081e-03	5.72566943e-03	1.15636606e-02
4.32276500e+02	5.60549348e-04	3.28191412e-03	5.36026638e-03	1.03020262e-02
4.38918700e+02	4.70883113e-04	2.87842811e-03	5.01195055e-03	9.70928245e-03
4.59464200e+02	2.54018268e-04	2.69094040e-03	4.68055723e-03	9.14054591e-03
4.66524200e+02	1.98841565e-04	2.51239299e-03	4.36554878e-03	7.57511304e-03
4.73692700e+02	1.51310482e-04	2.34278712e-03	4.06616027e-03	7.10070205e-03
4.88361800e+02	7.76979347e-05	2.18184077e-03	3.78217711e-03	6.21577101e-03
4.95865900e+02	5.12680919e-05	2.02911541e-03	3.51311035e-03	5.41475493e-03
5.03485300e+02	3.11938373e-05	1.88442573e-03	3.25840711e-03	5.04455611e-03
5.11221700e+02	1.71147468e-05	1.74746883e-03	2.78963955e-03	4.69307984e-03
5.35151600e+02	0.00000000e+00	1.61798283e-03	2.57531863e-03	4.36009804e-03
5.43374600e+02	0.00000000e+00	1.49577136e-03	2.37374061e-03	4.04492120e-03
5.51724000e+02	0.00000000e+00	1.38055939e-03	2.18423444e-03	3.74719614e-03
5.60201600e+02	0.00000000e+00	1.27211195e-03	1.83866108e-03	3.46622525e-03
5.68809600e+02	0.00000000e+00	1.17026292e-03	1.68244066e-03	2.95073897e-03
5.77549800e+02	0.00000000e+00	1.07470475e-03	1.53652926e-03	2.71590665e-03
5.86424200e+02	0.00000000e+00	9.85099042e-04	1.40038043e-03	2.49546352e-03
5.95435100e+02	0.00000000e+00	9.01188520e-04	1.04441564e-03	2.09499783e-03
6.04584400e+02	0.00000000e+00	8.22783677e-04	9.43097189e-04	1.91427991e-03
6.13874300e+02	0.00000000e+00	7.49644827e-04	8.49518172e-04	1.74543525e-03
6.23307000e+02	0.00000000e+00	6.81558844e-04	7.63251905e-04	1.58791294e-03
6.32884600e+02	0.00000000e+00	5.59402440e-04	6.83903513e-04	1.44143828e-03
6.42609300e+02	0.00000000e+00	5.05105966e-04	6.11064779e-04	1.30562741e-03
6.52483500e+02	0.00000000e+00	4.54936927e-04	5.44327517e-04	1.17989979e-03
6.62509400e+02	0.00000000e+00	4.08635265e-04	4.83326995e-04	1.06360581e-03
6.72689400e+02	0.00000000e+00	3.66039953e-04	4.27771930e-04	9.56246127e-04
6.83025800e+02	0.00000000e+00	2.91115293e-04	3.77316863e-04	8.57419398e-04
6.93521000e+02	0.00000000e+00	2.58528613e-04	3.31601083e-04	7.66592763e-04
7.04177500e+02	0.00000000e+00	2.01706005e-04	2.90327603e-04	6.83256961e-04
7.14997700e+02	0.00000000e+00	1.77286999e-04	2.53211889e-04	6.07103816e-04
7.25984200e+02	0.00000000e+00	1.55218241e-04	2.19909330e-04	5.37711727e-04
7.37139500e+02	0.00000000e+00	1.35345462e-04	1.90154681e-04	4.74614457e-04
7.48466200e+02	0.00000000e+00	1.17537575e-04	1.63652071e-04	4.17436098e-04
7.59966900e+02	0.00000000e+00	1.01622428e-04	1.40127276e-04	3.65752599e-04
7.71644400e+02	0.00000000e+00	8.74577663e-05	1.19370936e-04	3.19157873e-04
7.83501300e+02	0.00000000e+00	7.49028714e-05	1.01120303e-04	2.77351556e-04
7.95540400e+02	0.00000000e+00	6.38192697e-05	8.51557563e-05	2.39952540e-04
8.07764500e+02	0.00000000e+00	5.40811332e-05	7.12722374e-05	2.06586656e-04
8.20176400e+02	0.00000000e+00	4.55610322e-05	5.92427810e-05	1.76991061e-04
8.32779100e+02	0.00000000e+00	3.16496091e-05	4.88868326e-05	1.50835243e-04
8.45575400e+02	0.00000000e+00	2.61298689e-05	4.00361614e-05	1.27835364e-04
8.58568300e+02	0.00000000e+00	2.14143208e-05	3.25133571e-05	1.07698344e-04
8.71760800e+02	0.00000000e+00	1.74092904e-05	2.61632645e-05	9.01432328e-05
8.85156100e+02	0.00000000e+00	1.40305797e-05	2.08487243e-05	7.49520020e-05
8.98757200e+02	0.00000000e+00	1.12051931e-05	1.64419603e-05	5.05275652e-05
9.12567300e+02	0.00000000e+00	8.86134098e-06	1.28203122e-05	4.10219403e-05
9.26589600e+02	0.00000000e+00	6.93398207e-06	9.87005944e-06	2.62041839e-05
9.40827300e+02	0.00000000e+00	4.07179883e-06	7.49382177e-06	2.06537692e-05
9.55283900e+02	0.00000000e+00	1.57921741e-06	5.60241905e-06	1.60892583e-05
9.69962600e+02	0.00000000e+00	1.11622419e-06	2.92859752e-06	1.23758892e-05
9.84866800e+02	0.00000000e+00	5.03705564e-07	2.05325806e-06	9.39126405e-06
