# W [GeV]    S_yy [GeV^-1]
1.000000e+01    1.791340e-03
1.015366e+01    1.762068e-03
1.030968e+01    1.732241e-03
1.046809e+01    1.696920e-03
1.079226e+01    1.631708e-03
1.095810e+01    1.607981e-03
1.129744e+01    1.546688e-03
1.164730e+01    1.489428e-03
1.182627e+01    1.460893e-03
1.200799e+01    1.435958e-03
1.237985e+01    1.378349e-03
1.257007e+01    1.354014e-03
1.276322e+01    1.330913e-03
1.295934e+01    1.302014e-03
1.315847e+01    1.277549e-03
1.336066e+01    1.256372e-03
1.377440e+01    1.203822e-03
1.398606e+01    1.180302e-03
1.420097e+01    1.155124e-03
1.441917e+01    1.132656e-03
1.464074e+01    1.110472e-03
1.486570e+01    1.091078e-03
1.509413e+01    1.067790e-03
1.532606e+01    1.045277e-03
1.580067e+01    1.002632e-03
1.604346e+01    9.829147e-04
1.628998e+01    9.643204e-04
1.654029e+01    9.425488e-04
1.679444e+01    9.244361e-04
1.705250e+01    9.064494e-04
1.731453e+01    8.873739e-04
1.758058e+01    8.666939e-04
1.785072e+01    8.501768e-04
1.840351e+01    8.140066e-04
1.868629e+01    7.983977e-04
1.897342e+01    7.818711e-04
1.926496e+01    7.644707e-04
1.956099e+01    7.495636e-04
1.986155e+01    7.301916e-04
2.016674e+01    7.148777e-04
2.047662e+01    7.006944e-04
2.111073e+01    6.701361e-04
2.143512e+01    6.556910e-04
2.176448e+01    6.441201e-04
2.209891e+01    6.280460e-04
2.243848e+01    6.141687e-04
2.313334e+01    5.869710e-04
2.348881e+01    5.742558e-04
2.421620e+01    5.480931e-04
2.458830e+01    5.368868e-04
2.496612e+01    5.249305e-04
2.534974e+01    5.129862e-04
2.573926e+01    4.998345e-04
2.613476e+01    4.888249e-04
2.653634e+01    4.776336e-04
2.694409e+01    4.671186e-04
2.735811e+01    4.560622e-04
2.777849e+01    4.457947e-04
2.820533e+01    4.350889e-04
2.863872e+01    4.249858e-04
2.907878e+01    4.153479e-04
2.952560e+01    4.051380e-04
3.043993e+01    3.862109e-04
3.090767e+01    3.774380e-04
3.138259e+01    3.687734e-04
3.186480e+01    3.600124e-04
3.235443e+01    3.504860e-04
3.285158e+01    3.424692e-04
3.335637e+01    3.338142e-04
3.386892e+01    3.260441e-04
3.491776e+01    3.103958e-04
3.545430e+01    3.035708e-04
3.599908e+01    2.949318e-04
3.655223e+01    2.871304e-04
3.711389e+01    2.806289e-04
3.768417e+01    2.733031e-04
3.826321e+01    2.668185e-04
3.885116e+01    2.603417e-04
3.944814e+01    2.534520e-04
4.005429e+01    2.473029e-04
4.066975e+01    2.407880e-04
4.129467e+01    2.340420e-04
4.192920e+01    2.288123e-04
4.322765e+01    2.167945e-04
4.389187e+01    2.113681e-04
4.456630e+01    2.058039e-04
4.525110e+01    2.005862e-04
4.594642e+01    1.952890e-04
4.665242e+01    1.900696e-04
4.736927e+01    1.847879e-04
4.809713e+01    1.796707e-04
4.883618e+01    1.750346e-04
5.034853e+01    1.659082e-04
5.112217e+01    1.617613e-04
5.190770e+01    1.571277e-04
5.270530e+01    1.532231e-04
5.351516e+01    1.487562e-04
5.433746e+01    1.444038e-04
5.517240e+01    1.405310e-04
5.602016e+01    1.367219e-04
5.688096e+01    1.328544e-04
5.775498e+01    1.295212e-04
5.864242e+01    1.257144e-04
5.954351e+01    1.222850e-04
6.045844e+01    1.189419e-04
6.138743e+01    1.152307e-04
6.233070e+01    1.121916e-04
6.328846e+01    1.089340e-04
6.426093e+01    1.056697e-04
6.524835e+01    1.028181e-04
6.625094e+01    9.962352e-05
6.726894e+01    9.712180e-05
6.830258e+01    9.413335e-05
6.935210e+01    9.136976e-05
7.041775e+01    8.880688e-05
7.259842e+01    8.335983e-05
7.371395e+01    8.113958e-05
7.484662e+01    7.875400e-05
7.599669e+01    7.621547e-05
7.716444e+01    7.396793e-05
7.835013e+01    7.171788e-05
7.955404e+01    6.960354e-05
8.077645e+01    6.721005e-05
8.201764e+01    6.540378e-05
8.327791e+01    6.340432e-05
8.455754e+01    6.150552e-05
8.585683e+01    5.939757e-05
8.717608e+01    5.767166e-05
8.851561e+01    5.577217e-05
8.987572e+01    5.410227e-05
9.125673e+01    5.241084e-05
9.265896e+01    5.065993e-05
9.408273e+01    4.905850e-05
9.699626e+01    4.591864e-05
9.848668e+01    4.451367e-05
1.000000e+02    4.294428e-05
1.015366e+02    4.155358e-05
1.030968e+02    4.035327e-05
1.046809e+02    3.889023e-05
1.062894e+02    3.766428e-05
1.112648e+02    3.396111e-05
1.129744e+02    3.284106e-05
1.147104e+02    3.168202e-05
1.164730e+02    3.064341e-05
1.182627e+02    2.957314e-05
1.200799e+02    2.860854e-05
1.219250e+02    2.757265e-05
1.237985e+02    2.663503e-05
1.257007e+02    2.565790e-05
1.276322e+02    2.476523e-05
1.295934e+02    2.392858e-05
1.315847e+02    2.302613e-05
1.336066e+02    2.222183e-05
1.377440e+02    2.064064e-05
1.398606e+02    1.989107e-05
1.420097e+02    1.912056e-05
1.441917e+02    1.849040e-05
1.464074e+02    1.777533e-05
1.486570e+02    1.706890e-05
1.509413e+02    1.646085e-05
1.556155e+02    1.525514e-05
1.580067e+02    1.464922e-05
1.604346e+02    1.406636e-05
1.628998e+02    1.355832e-05
1.654029e+02    1.303535e-05
1.679444e+02    1.250104e-05
1.705250e+02    1.201166e-05
1.731453e+02    1.151136e-05
1.758058e+02    1.108843e-05
1.785072e+02    1.064350e-05
1.812501e+02    1.019671e-05
1.840351e+02    9.781310e-06
1.868629e+02    9.405907e-06
1.897342e+02    9.000271e-06
1.926496e+02    8.629746e-06
1.986155e+02    7.935362e-06
2.016674e+02    7.585911e-06
2.047662e+02    7.249766e-06
2.111073e+02    6.647628e-06
2.176448e+02    6.081677e-06
2.209891e+02    5.817140e-06
2.243848e+02    5.550253e-06
2.278326e+02    5.302325e-06
2.313334e+02    5.065622e-06
2.348881e+02    4.835171e-06
2.384973e+02    4.611085e-06
2.421620e+02    4.394268e-06
2.458830e+02    4.189340e-06
2.496612e+02    3.996035e-06
2.534974e+02    3.803248e-06
2.573926e+02    3.618378e-06
2.613476e+02    3.443383e-06
2.653634e+02    3.274939e-06
2.694409e+02    3.117799e-06
2.735811e+02    2.960889e-06
2.777849e+02    2.808934e-06
2.863872e+02    2.534669e-06
2.907878e+02    2.403663e-06
2.952560e+02    2.276391e-06
2.997928e+02    2.156921e-06
3.043993e+02    2.043164e-06
3.090767e+02    1.935776e-06
3.138259e+02    1.829269e-06
3.186480e+02    1.729955e-06
3.235443e+02    1.637506e-06
3.285158e+02    1.544323e-06
3.386892e+02    1.372326e-06
3.438934e+02    1.291065e-06
3.491776e+02    1.218485e-06
3.545430e+02    1.146278e-06
3.599908e+02    1.077847e-06
3.711389e+02    9.519413e-07
3.768417e+02    8.913700e-07
3.885116e+02    7.838709e-07
3.944814e+02    7.330535e-07
4.005429e+02    6.858633e-07
4.066975e+02    6.402583e-07
4.129467e+02    5.963223e-07
4.192920e+02    5.560380e-07
4.257347e+02    5.178704e-07
4.322765e+02    4.827223e-07
4.389187e+02    4.490890e-07
4.456630e+02    4.171416e-07
4.525110e+02    3.865917e-07
4.594642e+02    3.566404e-07
4.665242e+02    3.306439e-07
4.736927e+02    3.052769e-07
4.809713e+02    2.815484e-07
4.958659e+02    2.386285e-07
5.034853e+02    2.194654e-07
5.112217e+02    2.005165e-07
5.190770e+02    1.835964e-07
5.351516e+02    1.530819e-07
5.433746e+02    1.394297e-07
5.517240e+02    1.266721e-07
5.602016e+02    1.146420e-07
5.688096e+02    1.037995e-07
5.775498e+02    9.360637e-08
5.864242e+02    8.429381e-08
5.954351e+02    7.569719e-08
6.045844e+02    6.788671e-08
6.138743e+02    6.067926e-08
6.233070e+02    5.397013e-08
6.328846e+02    4.784691e-08
6.426093e+02    4.238194e-08
6.524835e+02    3.735719e-08
6.625094e+02    3.287575e-08
6.726894e+02    2.873371e-08
6.830258e+02    2.498377e-08
6.935210e+02    2.171680e-08
7.041775e+02    1.878737e-08
7.149977e+02    1.612726e-08
7.259842e+02    1.376506e-08
7.371395e+02    1.170786e-08
7.484662e+02    9.889921e-09
7.599669e+02    8.279007e-09
7.716444e+02    6.893557e-09
7.835013e+02    5.708002e-09
7.955404e+02    4.671893e-09
8.077645e+02    3.801082e-09
8.201764e+02    3.055782e-09
8.327791e+02    2.424606e-09
8.455754e+02    1.911032e-09
8.585683e+02    1.476832e-09
8.851561e+02    8.561535e-10
8.987572e+02    6.333142e-10
9.125673e+02    4.588003e-10
9.265896e+02    3.259859e-10
9.408273e+02    2.253662e-10
9.552839e+02    1.516065e-10
9.699626e+02    9.887851e-11
9.848668e+02    6.165723e-11
1.000000e+03    3.675506e-11
