# W [GeV]    S_yy [GeV^-1]
1.000000e+01    1.199501e-03
1.010765e+01    1.182388e-03
1.021646e+01    1.168634e-03
1.032643e+01    1.149408e-03
1.043760e+01    1.134347e-03
1.054996e+01    1.119499e-03
1.066352e+01    1.107556e-03
1.077831e+01    1.088597e-03
1.089434e+01    1.073491e-03
1.101162e+01    1.059118e-03
1.113016e+01    1.042401e-03
1.124997e+01    1.027277e-03
1.137107e+01    1.013347e-03
1.149348e+01    9.987339e-04
1.161721e+01    9.857472e-04
1.174226e+01    9.730318e-04
1.186867e+01    9.565350e-04
1.212557e+01    9.322476e-04
1.225610e+01    9.170421e-04
1.238804e+01    9.066304e-04
1.252139e+01    8.910088e-04
1.265618e+01    8.776549e-04
1.279242e+01    8.655392e-04
1.293013e+01    8.533981e-04
1.306932e+01    8.425247e-04
1.321001e+01    8.313015e-04
1.335222e+01    8.162217e-04
1.349595e+01    8.061016e-04
1.364123e+01    7.927635e-04
1.393650e+01    7.716297e-04
1.408653e+01    7.578730e-04
1.423817e+01    7.467699e-04
1.439144e+01    7.332720e-04
1.454636e+01    7.253608e-04
1.470295e+01    7.128443e-04
1.486122e+01    7.039425e-04
1.502120e+01    6.918950e-04
1.518290e+01    6.821112e-04
1.534635e+01    6.704310e-04
1.567853e+01    6.525559e-04
1.584730e+01    6.414587e-04
1.601790e+01    6.307531e-04
1.619033e+01    6.196290e-04
1.636461e+01    6.118991e-04
1.654077e+01    6.019869e-04
1.671883e+01    5.929581e-04
1.689881e+01    5.846067e-04
1.708072e+01    5.740658e-04
1.726459e+01    5.659027e-04
1.745044e+01    5.558674e-04
1.763829e+01    5.487305e-04
1.782817e+01    5.386747e-04
1.802008e+01    5.303258e-04
1.821407e+01    5.213175e-04
1.841014e+01    5.139076e-04
1.860832e+01    5.057455e-04
1.880864e+01    4.976456e-04
1.901111e+01    4.890302e-04
1.921576e+01    4.822126e-04
1.942261e+01    4.746563e-04
1.963170e+01    4.665676e-04
1.984303e+01    4.583873e-04
2.005663e+01    4.509105e-04
2.049077e+01    4.354983e-04
2.071135e+01    4.309059e-04
2.093431e+01    4.224144e-04
2.115966e+01    4.150490e-04
2.138744e+01    4.082920e-04
2.161767e+01    4.013301e-04
2.185038e+01    3.950450e-04
2.208560e+01    3.887360e-04
2.232335e+01    3.812509e-04
2.256365e+01    3.749189e-04
2.280655e+01    3.697203e-04
2.305206e+01    3.617963e-04
2.330021e+01    3.565633e-04
2.355103e+01    3.507058e-04
2.380455e+01    3.447002e-04
2.406081e+01    3.392711e-04
2.431982e+01    3.331901e-04
2.458162e+01    3.278202e-04
2.484623e+01    3.212539e-04
2.511370e+01    3.159272e-04
2.538404e+01    3.105910e-04
2.565730e+01    3.055006e-04
2.593349e+01    2.999899e-04
2.621266e+01    2.945172e-04
2.649484e+01    2.891355e-04
2.678005e+01    2.843404e-04
2.706833e+01    2.795264e-04
2.735972e+01    2.743745e-04
2.765424e+01    2.699340e-04
2.795194e+01    2.647828e-04
2.825284e+01    2.603124e-04
2.855697e+01    2.553642e-04
2.886438e+01    2.507262e-04
2.917510e+01    2.456932e-04
2.980661e+01    2.378312e-04
3.012748e+01    2.334248e-04
3.045180e+01    2.285167e-04
3.077960e+01    2.251076e-04
3.111094e+01    2.205675e-04
3.144585e+01    2.167338e-04
3.178435e+01    2.125388e-04
3.212651e+01    2.085531e-04
3.247234e+01    2.047282e-04
3.282190e+01    2.010756e-04
3.317523e+01    1.971628e-04
3.353235e+01    1.934528e-04
3.389332e+01    1.894735e-04
3.425818e+01    1.866880e-04
3.462696e+01    1.827345e-04
3.537648e+01    1.760281e-04
3.575730e+01    1.728946e-04
3.653129e+01    1.660227e-04
3.692454e+01    1.626040e-04
3.732203e+01    1.596019e-04
3.854035e+01    1.507006e-04
3.895523e+01    1.479924e-04
3.937458e+01    1.448429e-04
3.979844e+01    1.420100e-04
4.022686e+01    1.389464e-04
4.065990e+01    1.369004e-04
4.109759e+01    1.340331e-04
4.154000e+01    1.312817e-04
4.198717e+01    1.284368e-04
4.243916e+01    1.260495e-04
4.289601e+01    1.232398e-04
4.335778e+01    1.210914e-04
4.382452e+01    1.184384e-04
4.429628e+01    1.160984e-04
4.477312e+01    1.139271e-04
4.525510e+01    1.114536e-04
4.574226e+01    1.095047e-04
4.623467e+01    1.070959e-04
4.723544e+01    1.025170e-04
4.774392e+01    1.005568e-04
4.825788e+01    9.833559e-05
4.877737e+01    9.656093e-05
4.930245e+01    9.438003e-05
4.983318e+01    9.228600e-05
5.036963e+01    9.052256e-05
5.091185e+01    8.866769e-05
5.145991e+01    8.698362e-05
5.201386e+01    8.480017e-05
5.257378e+01    8.309367e-05
5.313973e+01    8.120105e-05
5.371177e+01    7.941270e-05
5.428997e+01    7.779604e-05
5.487439e+01    7.625126e-05
5.546511e+01    7.438620e-05
5.606218e+01    7.284069e-05
5.666568e+01    7.129414e-05
5.727568e+01    6.971112e-05
5.789224e+01    6.835419e-05
5.851544e+01    6.678681e-05
5.914535e+01    6.533125e-05
5.978204e+01    6.380587e-05
6.173353e+01    5.966752e-05
6.239808e+01    5.823825e-05
6.306978e+01    5.705488e-05
6.374872e+01    5.570760e-05
6.443496e+01    5.442029e-05
6.512860e+01    5.324765e-05
6.582969e+01    5.195749e-05
6.653834e+01    5.079434e-05
6.725461e+01    4.962125e-05
6.871038e+01    4.737250e-05
7.019765e+01    4.519361e-05
7.095332e+01    4.417735e-05
7.171712e+01    4.313428e-05
7.248914e+01    4.204913e-05
7.326947e+01    4.115738e-05
7.405821e+01    4.015964e-05
7.485543e+01    3.921733e-05
7.566124e+01    3.821721e-05
7.647572e+01    3.729297e-05
7.729897e+01    3.636567e-05
7.813108e+01    3.555325e-05
7.897215e+01    3.467431e-05
7.982227e+01    3.379920e-05
8.068154e+01    3.293718e-05
8.155007e+01    3.222387e-05
8.331526e+01    3.061295e-05
8.421214e+01    2.983190e-05
8.511867e+01    2.908422e-05
8.603496e+01    2.829279e-05
8.789723e+01    2.696534e-05
8.979981e+01    2.562262e-05
9.076649e+01    2.496675e-05
9.174358e+01    2.426193e-05
9.273118e+01    2.370320e-05
9.372942e+01    2.301686e-05
9.575825e+01    2.187747e-05
9.678907e+01    2.130972e-05
9.783099e+01    2.073015e-05
9.994859e+01    1.966615e-05
1.010245e+02    1.916448e-05
1.032113e+02    1.808142e-05
1.043223e+02    1.758392e-05
1.054453e+02    1.712675e-05
1.065804e+02    1.670434e-05
1.077277e+02    1.622412e-05
1.088874e+02    1.576897e-05
1.100596e+02    1.532235e-05
1.112443e+02    1.492101e-05
1.124419e+02    1.449708e-05
1.136523e+02    1.408798e-05
1.148757e+02    1.368217e-05
1.161123e+02    1.330568e-05
1.173623e+02    1.291989e-05
1.186257e+02    1.256733e-05
1.199027e+02    1.218468e-05
1.211934e+02    1.185561e-05
1.224980e+02    1.148388e-05
1.238167e+02    1.115943e-05
1.251495e+02    1.084567e-05
1.264968e+02    1.050254e-05
1.278585e+02    1.019908e-05
1.292349e+02    9.898778e-06
1.320322e+02    9.314417e-06
1.334535e+02    9.033409e-06
1.348901e+02    8.761689e-06
1.363422e+02    8.497883e-06
1.378099e+02    8.225316e-06
1.392934e+02    7.979942e-06
1.407929e+02    7.740368e-06
1.423085e+02    7.491059e-06
1.438404e+02    7.246984e-06
1.453888e+02    7.030978e-06
1.485358e+02    6.588766e-06
1.501348e+02    6.375082e-06
1.533846e+02    5.963652e-06
1.550357e+02    5.772910e-06
1.567047e+02    5.581887e-06
1.583916e+02    5.404615e-06
1.600966e+02    5.215904e-06
1.618200e+02    5.044880e-06
1.635620e+02    4.871643e-06
1.653227e+02    4.710620e-06
1.671024e+02    4.550806e-06
1.689012e+02    4.387952e-06
1.707194e+02    4.238162e-06
1.725572e+02    4.095031e-06
1.744147e+02    3.948047e-06
1.762923e+02    3.814259e-06
1.781900e+02    3.670302e-06
1.801082e+02    3.545720e-06
1.820470e+02    3.417613e-06
1.840067e+02    3.295143e-06
1.879897e+02    3.054736e-06
1.900134e+02    2.943184e-06
1.920588e+02    2.835738e-06
1.941263e+02    2.725357e-06
1.983283e+02    2.526757e-06
2.004632e+02    2.429270e-06
2.048024e+02    2.248106e-06
2.070070e+02    2.159508e-06
2.092354e+02    2.070510e-06
2.114878e+02    1.987180e-06
2.137645e+02    1.911758e-06
2.160656e+02    1.834151e-06
2.183915e+02    1.759489e-06
2.207424e+02    1.685989e-06
2.231187e+02    1.616605e-06
2.255205e+02    1.548406e-06
2.279482e+02    1.483822e-06
2.304021e+02    1.421409e-06
2.328823e+02    1.361440e-06
2.379232e+02    1.244315e-06
2.404844e+02    1.190592e-06
2.456898e+02    1.087361e-06
2.483346e+02    1.038842e-06
2.510079e+02    9.907680e-07
2.537099e+02    9.445361e-07
2.564411e+02    9.014216e-07
2.592016e+02    8.589562e-07
2.619919e+02    8.184278e-07
2.648122e+02    7.795729e-07
2.676628e+02    7.409273e-07
2.705442e+02    7.050220e-07
2.734566e+02    6.711848e-07
2.764003e+02    6.367226e-07
2.793757e+02    6.040787e-07
2.823831e+02    5.750891e-07
2.854229e+02    5.449502e-07
2.884954e+02    5.172669e-07
2.916010e+02    4.892401e-07
2.979129e+02    4.382147e-07
3.011199e+02    4.144673e-07
3.043614e+02    3.916684e-07
3.076378e+02    3.698506e-07
3.109495e+02    3.489624e-07
3.142968e+02    3.290335e-07
3.176801e+02    3.100531e-07
3.210999e+02    2.923868e-07
3.245565e+02    2.748040e-07
3.280503e+02    2.579954e-07
3.315817e+02    2.423123e-07
3.351511e+02    2.272705e-07
3.387590e+02    2.130949e-07
3.424057e+02    1.995319e-07
3.460916e+02    1.864855e-07
3.498172e+02    1.746462e-07
3.535830e+02    1.626655e-07
3.573892e+02    1.520404e-07
3.612364e+02    1.416697e-07
3.651251e+02    1.318005e-07
3.690556e+02    1.225030e-07
3.730284e+02    1.135594e-07
3.770440e+02    1.053458e-07
3.811028e+02    9.755076e-08
3.852053e+02    9.008052e-08
3.893520e+02    8.319670e-08
3.935433e+02    7.673064e-08
4.020618e+02    6.505895e-08
4.107646e+02    5.464360e-08
4.151865e+02    5.000267e-08
4.196559e+02    4.565745e-08
4.241734e+02    4.158199e-08
4.287396e+02    3.779983e-08
4.333549e+02    3.431292e-08
4.380199e+02    3.100942e-08
4.427351e+02    2.804266e-08
4.475010e+02    2.526390e-08
4.523183e+02    2.272381e-08
4.571874e+02    2.037561e-08
4.621090e+02    1.821748e-08
4.670835e+02    1.626161e-08
4.771938e+02    1.277496e-08
4.823307e+02    1.128787e-08
4.875229e+02    9.936150e-09
4.927710e+02    8.702341e-09
4.980756e+02    7.605594e-09
5.034373e+02    6.605601e-09
5.088567e+02    5.727875e-09
5.143345e+02    4.932831e-09
5.198712e+02    4.228240e-09
5.254676e+02    3.611826e-09
5.311241e+02    3.061911e-09
5.368416e+02    2.580246e-09
5.426206e+02    2.158465e-09
5.484618e+02    1.795846e-09
5.543659e+02    1.481298e-09
5.603336e+02    1.211435e-09
5.663655e+02    9.850314e-10
5.724623e+02    7.920307e-10
5.786248e+02    6.298052e-10
5.848536e+02    4.954653e-10
5.975130e+02    2.949020e-10
6.104465e+02    1.656745e-10
6.170179e+02    1.208342e-10
6.236600e+02    8.626698e-11
6.303736e+02    6.011217e-11
6.371595e+02    4.084135e-11
6.440184e+02    2.691347e-11
6.509511e+02    1.712856e-11
6.579585e+02    1.044580e-11
6.650413e+02    6.073619e-12
6.722004e+02    3.344406e-12
6.794365e+02    1.713558e-12
6.867505e+02    8.002233e-13
6.941433e+02    3.336784e-13
7.016156e+02    1.198470e-13
7.091684e+02    3.480694e-14
7.168025e+02    7.390295e-15
7.245187e+02    9.495029e-16
7.323181e+02    4.705839e-17
7.402014e+02    1.982733e-19
