# W [GeV]    S_yy [GeV^-1]
1.000000e+01    7.854266e-04
1.015366e+01    7.697511e-04
1.046809e+01    7.403248e-04
1.062894e+01    7.274851e-04
1.079226e+01    7.115714e-04
1.095810e+01    6.968639e-04
1.112648e+01    6.827979e-04
1.129744e+01    6.689100e-04
1.147104e+01    6.562531e-04
1.164730e+01    6.416010e-04
1.182627e+01    6.271611e-04
1.200799e+01    6.153831e-04
1.219250e+01    6.031042e-04
1.237985e+01    5.894510e-04
1.257007e+01    5.767244e-04
1.276322e+01    5.661376e-04
1.295934e+01    5.536898e-04
1.315847e+01    5.408202e-04
1.336066e+01    5.299964e-04
1.356595e+01    5.198087e-04
1.377440e+01    5.073081e-04
1.398606e+01    4.981529e-04
1.420097e+01    4.869834e-04
1.441917e+01    4.761150e-04
1.464074e+01    4.656794e-04
1.486570e+01    4.557508e-04
1.532606e+01    4.365699e-04
1.556155e+01    4.271603e-04
1.580067e+01    4.177827e-04
1.604346e+01    4.088104e-04
1.628998e+01    3.995370e-04
1.654029e+01    3.906063e-04
1.679444e+01    3.826942e-04
1.705250e+01    3.738165e-04
1.731453e+01    3.654526e-04
1.758058e+01    3.569691e-04
1.785072e+01    3.500317e-04
1.840351e+01    3.335933e-04
1.868629e+01    3.270706e-04
1.897342e+01    3.186758e-04
1.926496e+01    3.117341e-04
1.956099e+01    3.049282e-04
1.986155e+01    2.972146e-04
2.016674e+01    2.912575e-04
2.079126e+01    2.781194e-04
2.111073e+01    2.716298e-04
2.143512e+01    2.650186e-04
2.209891e+01    2.530209e-04
2.278326e+01    2.414891e-04
2.313334e+01    2.358485e-04
2.348881e+01    2.301315e-04
2.384973e+01    2.248729e-04
2.421620e+01    2.201698e-04
2.458830e+01    2.146467e-04
2.496612e+01    2.091083e-04
2.534974e+01    2.044706e-04
2.573926e+01    1.993882e-04
2.613476e+01    1.953339e-04
2.653634e+01    1.906323e-04
2.694409e+01    1.857666e-04
2.735811e+01    1.814624e-04
2.777849e+01    1.769246e-04
2.820533e+01    1.725919e-04
2.863872e+01    1.685777e-04
2.907878e+01    1.645484e-04
2.952560e+01    1.604490e-04
3.043993e+01    1.527348e-04
3.090767e+01    1.489563e-04
3.138259e+01    1.452091e-04
3.186480e+01    1.415925e-04
3.235443e+01    1.382337e-04
3.285158e+01    1.349991e-04
3.335637e+01    1.315092e-04
3.386892e+01    1.285416e-04
3.491776e+01    1.221246e-04
3.545430e+01    1.189331e-04
3.599908e+01    1.159101e-04
3.655223e+01    1.130251e-04
3.711389e+01    1.101605e-04
3.768417e+01    1.073237e-04
3.826321e+01    1.045430e-04
3.885116e+01    1.018017e-04
3.944814e+01    9.916811e-05
4.005429e+01    9.692112e-05
4.066975e+01    9.419865e-05
4.129467e+01    9.159518e-05
4.192920e+01    8.930545e-05
4.257347e+01    8.711103e-05
4.322765e+01    8.495638e-05
4.389187e+01    8.252967e-05
4.456630e+01    8.044880e-05
4.594642e+01    7.626480e-05
4.665242e+01    7.436066e-05
4.809713e+01    7.035638e-05
4.883618e+01    6.856429e-05
4.958659e+01    6.666503e-05
5.112217e+01    6.310648e-05
5.190770e+01    6.142282e-05
5.270530e+01    5.971189e-05
5.351516e+01    5.803560e-05
5.517240e+01    5.489636e-05
5.602016e+01    5.355559e-05
5.688096e+01    5.194799e-05
5.775498e+01    5.054254e-05
5.864242e+01    4.907898e-05
5.954351e+01    4.779477e-05
6.045844e+01    4.654102e-05
6.138743e+01    4.506992e-05
6.328846e+01    4.264705e-05
6.524835e+01    4.030353e-05
6.625094e+01    3.913667e-05
6.726894e+01    3.794386e-05
6.830258e+01    3.687892e-05
6.935210e+01    3.578993e-05
7.041775e+01    3.480918e-05
7.149977e+01    3.376225e-05
7.259842e+01    3.288288e-05
7.371395e+01    3.179804e-05
7.484662e+01    3.090391e-05
7.599669e+01    2.996403e-05
7.716444e+01    2.911765e-05
7.835013e+01    2.823862e-05
7.955404e+01    2.736287e-05
8.077645e+01    2.660423e-05
8.201764e+01    2.575524e-05
8.327791e+01    2.500211e-05
8.455754e+01    2.424918e-05
8.585683e+01    2.350723e-05
8.717608e+01    2.273842e-05
8.851561e+01    2.209830e-05
8.987572e+01    2.137545e-05
9.125673e+01    2.070279e-05
9.265896e+01    2.006317e-05
9.408273e+01    1.945636e-05
9.552839e+01    1.884777e-05
9.699626e+01    1.821339e-05
9.848668e+01    1.768802e-05
1.030968e+02    1.604081e-05
1.046809e+02    1.551539e-05
1.062894e+02    1.498664e-05
1.079226e+02    1.452839e-05
1.112648e+02    1.358516e-05
1.129744e+02    1.313732e-05
1.147104e+02    1.268125e-05
1.164730e+02    1.227699e-05
1.200799e+02    1.145162e-05
1.219250e+02    1.106605e-05
1.237985e+02    1.070329e-05
1.276322e+02    9.973382e-06
1.295934e+02    9.611498e-06
1.315847e+02    9.283492e-06
1.336066e+02    8.967606e-06
1.356595e+02    8.659648e-06
1.377440e+02    8.348501e-06
1.398606e+02    8.052591e-06
1.420097e+02    7.753748e-06
1.441917e+02    7.488496e-06
1.464074e+02    7.217674e-06
1.486570e+02    6.949320e-06
1.532606e+02    6.439584e-06
1.556155e+02    6.216235e-06
1.580067e+02    5.976781e-06
1.604346e+02    5.763717e-06
1.628998e+02    5.539308e-06
1.654029e+02    5.327641e-06
1.679444e+02    5.126087e-06
1.705250e+02    4.928479e-06
1.731453e+02    4.739039e-06
1.758058e+02    4.559674e-06
1.785072e+02    4.374647e-06
1.812501e+02    4.205212e-06
1.840351e+02    4.037171e-06
1.868629e+02    3.873601e-06
1.897342e+02    3.721586e-06
1.956099e+02    3.424938e-06
1.986155e+02    3.284585e-06
2.016674e+02    3.151144e-06
2.047662e+02    3.019277e-06
2.079126e+02    2.892398e-06
2.111073e+02    2.769095e-06
2.143512e+02    2.650560e-06
2.176448e+02    2.535876e-06
2.243848e+02    2.322165e-06
2.278326e+02    2.223285e-06
2.313334e+02    2.121977e-06
2.348881e+02    2.028241e-06
2.384973e+02    1.937342e-06
2.421620e+02    1.850934e-06
2.496612e+02    1.682800e-06
2.534974e+02    1.603652e-06
2.573926e+02    1.529075e-06
2.613476e+02    1.457154e-06
2.653634e+02    1.387722e-06
2.694409e+02    1.322630e-06
2.735811e+02    1.257508e-06
2.777849e+02    1.195561e-06
2.820533e+02    1.134749e-06
2.863872e+02    1.079374e-06
2.952560e+02    9.735235e-07
2.997928e+02    9.231429e-07
3.043993e+02    8.741989e-07
3.138259e+02    7.846865e-07
3.186480e+02    7.428323e-07
3.235443e+02    7.023490e-07
3.285158e+02    6.652176e-07
3.386892e+02    5.927898e-07
3.491776e+02    5.273599e-07
3.545430e+02    4.961386e-07
3.599908e+02    4.675423e-07
3.655223e+02    4.394812e-07
3.711389e+02    4.128764e-07
3.768417e+02    3.875786e-07
3.826321e+02    3.639574e-07
3.885116e+02    3.412209e-07
3.944814e+02    3.201285e-07
4.005429e+02    2.992940e-07
4.066975e+02    2.797760e-07
4.129467e+02    2.614649e-07
4.192920e+02    2.436696e-07
4.257347e+02    2.271805e-07
4.322765e+02    2.117522e-07
4.389187e+02    1.970562e-07
4.456630e+02    1.831274e-07
4.525110e+02    1.699362e-07
4.594642e+02    1.575275e-07
4.665242e+02    1.457427e-07
4.736927e+02    1.348526e-07
4.809713e+02    1.246275e-07
4.958659e+02    1.055555e-07
5.034853e+02    9.707229e-08
5.112217e+02    8.905227e-08
5.190770e+02    8.157551e-08
5.270530e+02    7.463993e-08
5.351516e+02    6.809568e-08
5.433746e+02    6.203982e-08
5.517240e+02    5.635830e-08
5.602016e+02    5.118515e-08
5.688096e+02    4.629825e-08
5.775498e+02    4.180480e-08
6.045844e+02    3.034207e-08
6.138743e+02    2.716844e-08
6.328846e+02    2.150036e-08
6.426093e+02    1.906389e-08
6.524835e+02    1.680483e-08
6.625094e+02    1.478709e-08
6.830258e+02    1.128857e-08
6.935210e+02    9.804404e-09
7.041775e+02    8.477356e-09
7.149977e+02    7.285505e-09
7.259842e+02    6.230615e-09
7.371395e+02    5.306604e-09
7.484662e+02    4.485066e-09
7.599669e+02    3.766699e-09
7.716444e+02    3.138521e-09
7.835013e+02    2.595427e-09
7.955404e+02    2.128321e-09
8.077645e+02    1.730577e-09
8.201764e+02    1.395519e-09
8.327791e+02    1.111320e-09
8.455754e+02    8.741028e-10
8.585683e+02    6.793705e-10
8.717608e+02    5.216681e-10
8.851561e+02    3.934880e-10
8.987572e+02    2.916540e-10
9.125673e+02    2.125927e-10
9.265896e+02    1.515520e-10
9.408273e+02    1.053093e-10
9.552839e+02    7.106873e-11
9.699626e+02    4.641169e-11
9.848668e+02    2.916467e-11
1.000000e+03    1.751179e-11
