# W [GeV]    S_yy [GeV^-1]
1.000000e+01    5.789545e-04
1.010765e+01    5.702797e-04
1.021646e+01    5.622285e-04
1.043760e+01    5.455560e-04
1.054996e+01    5.374447e-04
1.066352e+01    5.285837e-04
1.089434e+01    5.141851e-04
1.113016e+01    4.975570e-04
1.124997e+01    4.898128e-04
1.149348e+01    4.757192e-04
1.161721e+01    4.688290e-04
1.186867e+01    4.535690e-04
1.199643e+01    4.467262e-04
1.212557e+01    4.404300e-04
1.225610e+01    4.333828e-04
1.252139e+01    4.188698e-04
1.265618e+01    4.133716e-04
1.279242e+01    4.065661e-04
1.293013e+01    4.011210e-04
1.306932e+01    3.948809e-04
1.321001e+01    3.871625e-04
1.335222e+01    3.818867e-04
1.349595e+01    3.758970e-04
1.378808e+01    3.648563e-04
1.408653e+01    3.528014e-04
1.423817e+01    3.470109e-04
1.439144e+01    3.414309e-04
1.454636e+01    3.362794e-04
1.486122e+01    3.249258e-04
1.534635e+01    3.104256e-04
1.551155e+01    3.055653e-04
1.567853e+01    3.008079e-04
1.584730e+01    2.956285e-04
1.601790e+01    2.903307e-04
1.636461e+01    2.817883e-04
1.654077e+01    2.772574e-04
1.671883e+01    2.720141e-04
1.708072e+01    2.630278e-04
1.726459e+01    2.592556e-04
1.745044e+01    2.555048e-04
1.782817e+01    2.469395e-04
1.802008e+01    2.422645e-04
1.841014e+01    2.347993e-04
1.860832e+01    2.310482e-04
1.880864e+01    2.270215e-04
1.901111e+01    2.229940e-04
1.921576e+01    2.190695e-04
1.942261e+01    2.158082e-04
1.963170e+01    2.126257e-04
1.984303e+01    2.090097e-04
2.005663e+01    2.050595e-04
2.027254e+01    2.015385e-04
2.049077e+01    1.982910e-04
2.071135e+01    1.950926e-04
2.093431e+01    1.916812e-04
2.115966e+01    1.881476e-04
2.138744e+01    1.851825e-04
2.161767e+01    1.819149e-04
2.185038e+01    1.790861e-04
2.208560e+01    1.757829e-04
2.256365e+01    1.697304e-04
2.280655e+01    1.669454e-04
2.305206e+01    1.638331e-04
2.355103e+01    1.584493e-04
2.380455e+01    1.554477e-04
2.406081e+01    1.527682e-04
2.431982e+01    1.500427e-04
2.458162e+01    1.474810e-04
2.484623e+01    1.449504e-04
2.511370e+01    1.427686e-04
2.538404e+01    1.399332e-04
2.565730e+01    1.373914e-04
2.593349e+01    1.350063e-04
2.621266e+01    1.327960e-04
2.678005e+01    1.279793e-04
2.706833e+01    1.257609e-04
2.735972e+01    1.233778e-04
2.765424e+01    1.213196e-04
2.795194e+01    1.192244e-04
2.855697e+01    1.148349e-04
2.886438e+01    1.126418e-04
2.917510e+01    1.108416e-04
2.948917e+01    1.087454e-04
2.980661e+01    1.069355e-04
3.012748e+01    1.047736e-04
3.045180e+01    1.027592e-04
3.077960e+01    1.008598e-04
3.111094e+01    9.913004e-05
3.144585e+01    9.725787e-05
3.212651e+01    9.387629e-05
3.282190e+01    9.030775e-05
3.317523e+01    8.865397e-05
3.353235e+01    8.702932e-05
3.389332e+01    8.555758e-05
3.425818e+01    8.375770e-05
3.462696e+01    8.221979e-05
3.499972e+01    8.053339e-05
3.537648e+01    7.905911e-05
3.575730e+01    7.754403e-05
3.653129e+01    7.456615e-05
3.692454e+01    7.324275e-05
3.732203e+01    7.176181e-05
3.772380e+01    7.056529e-05
3.812989e+01    6.918455e-05
3.854035e+01    6.782862e-05
3.937458e+01    6.516748e-05
3.979844e+01    6.385619e-05
4.022686e+01    6.262608e-05
4.109759e+01    6.017273e-05
4.154000e+01    5.902299e-05
4.198717e+01    5.794771e-05
4.243916e+01    5.688034e-05
4.335778e+01    5.452636e-05
4.382452e+01    5.352236e-05
4.429628e+01    5.236450e-05
4.477312e+01    5.125284e-05
4.525510e+01    5.026587e-05
4.623467e+01    4.825635e-05
4.673238e+01    4.727675e-05
4.723544e+01    4.629951e-05
4.774392e+01    4.545121e-05
4.825788e+01    4.447437e-05
4.877737e+01    4.356830e-05
4.930245e+01    4.267584e-05
4.983318e+01    4.178725e-05
5.036963e+01    4.093879e-05
5.091185e+01    4.002872e-05
5.145991e+01    3.913911e-05
5.201386e+01    3.836157e-05
5.313973e+01    3.676766e-05
5.371177e+01    3.606732e-05
5.428997e+01    3.529941e-05
5.487439e+01    3.451779e-05
5.546511e+01    3.380974e-05
5.606218e+01    3.301631e-05
5.666568e+01    3.236614e-05
5.727568e+01    3.164390e-05
5.789224e+01    3.094442e-05
5.851544e+01    3.026918e-05
5.978204e+01    2.896772e-05
6.042558e+01    2.840426e-05
6.107605e+01    2.776024e-05
6.173353e+01    2.716573e-05
6.306978e+01    2.593223e-05
6.374872e+01    2.540124e-05
6.443496e+01    2.476681e-05
6.582969e+01    2.366090e-05
6.653834e+01    2.319256e-05
6.725461e+01    2.267049e-05
6.797860e+01    2.214956e-05
6.871038e+01    2.162929e-05
6.945003e+01    2.114094e-05
7.019765e+01    2.066408e-05
7.095332e+01    2.019273e-05
7.171712e+01    1.971504e-05
7.248914e+01    1.923579e-05
7.326947e+01    1.880209e-05
7.405821e+01    1.835477e-05
7.485543e+01    1.794228e-05
7.566124e+01    1.748881e-05
7.647572e+01    1.712906e-05
7.729897e+01    1.670519e-05
7.813108e+01    1.629784e-05
7.897215e+01    1.590184e-05
7.982227e+01    1.550853e-05
8.068154e+01    1.514976e-05
8.155007e+01    1.477419e-05
8.331526e+01    1.405219e-05
8.421214e+01    1.371942e-05
8.511867e+01    1.338693e-05
8.603496e+01    1.306264e-05
8.696111e+01    1.272696e-05
8.789723e+01    1.242761e-05
8.884343e+01    1.211567e-05
8.979981e+01    1.179371e-05
9.076649e+01    1.149290e-05
9.174358e+01    1.120240e-05
9.372942e+01    1.064600e-05
9.473840e+01    1.037860e-05
9.678907e+01    9.855833e-06
9.783099e+01    9.598189e-06
9.888412e+01    9.342980e-06
9.994859e+01    9.103296e-06
1.010245e+02    8.851731e-06
1.021120e+02    8.621039e-06
1.032113e+02    8.389302e-06
1.043223e+02    8.164099e-06
1.054453e+02    7.940218e-06
1.065804e+02    7.739628e-06
1.077277e+02    7.520517e-06
1.088874e+02    7.312964e-06
1.100596e+02    7.117305e-06
1.112443e+02    6.920821e-06
1.124419e+02    6.720290e-06
1.136523e+02    6.534185e-06
1.148757e+02    6.361278e-06
1.173623e+02    6.011534e-06
1.186257e+02    5.846598e-06
1.199027e+02    5.668680e-06
1.211934e+02    5.502677e-06
1.224980e+02    5.350942e-06
1.238167e+02    5.194939e-06
1.251495e+02    5.044261e-06
1.264968e+02    4.890073e-06
1.292349e+02    4.612856e-06
1.306260e+02    4.470348e-06
1.320322e+02    4.339200e-06
1.334535e+02    4.206556e-06
1.348901e+02    4.078573e-06
1.363422e+02    3.952134e-06
1.378099e+02    3.836485e-06
1.392934e+02    3.719972e-06
1.407929e+02    3.600246e-06
1.423085e+02    3.486059e-06
1.438404e+02    3.378302e-06
1.453888e+02    3.274038e-06
1.469539e+02    3.169597e-06
1.485358e+02    3.074058e-06
1.501348e+02    2.967913e-06
1.517510e+02    2.875479e-06
1.533846e+02    2.780939e-06
1.550357e+02    2.690681e-06
1.567047e+02    2.601217e-06
1.583916e+02    2.514419e-06
1.600966e+02    2.429918e-06
1.618200e+02    2.349481e-06
1.635620e+02    2.271833e-06
1.653227e+02    2.195454e-06
1.671024e+02    2.119785e-06
1.689012e+02    2.046582e-06
1.707194e+02    1.974080e-06
1.725572e+02    1.905115e-06
1.744147e+02    1.837883e-06
1.762923e+02    1.772408e-06
1.781900e+02    1.709521e-06
1.801082e+02    1.649986e-06
1.840067e+02    1.530232e-06
1.859875e+02    1.473628e-06
1.879897e+02    1.421185e-06
1.900134e+02    1.369141e-06
1.920588e+02    1.316184e-06
1.941263e+02    1.265690e-06
1.962160e+02    1.218237e-06
1.983283e+02    1.171110e-06
2.004632e+02    1.124483e-06
2.048024e+02    1.038303e-06
2.070070e+02    9.985957e-07
2.092354e+02    9.578030e-07
2.114878e+02    9.210985e-07
2.137645e+02    8.828830e-07
2.160656e+02    8.451458e-07
2.183915e+02    8.105294e-07
2.207424e+02    7.774436e-07
2.231187e+02    7.449065e-07
2.255205e+02    7.128909e-07
2.279482e+02    6.828979e-07
2.304021e+02    6.529769e-07
2.328823e+02    6.245662e-07
2.379232e+02    5.701604e-07
2.404844e+02    5.450870e-07
2.430731e+02    5.202743e-07
2.483346e+02    4.738807e-07
2.510079e+02    4.518907e-07
2.537099e+02    4.300469e-07
2.564411e+02    4.101268e-07
2.592016e+02    3.906013e-07
2.648122e+02    3.539292e-07
2.676628e+02    3.359241e-07
2.705442e+02    3.192392e-07
2.734566e+02    3.030970e-07
2.793757e+02    2.725786e-07
2.823831e+02    2.586517e-07
2.854229e+02    2.448531e-07
2.916010e+02    2.191815e-07
2.979129e+02    1.959398e-07
3.011199e+02    1.849382e-07
3.043614e+02    1.746408e-07
3.076378e+02    1.644248e-07
3.142968e+02    1.457216e-07
3.176801e+02    1.370364e-07
3.210999e+02    1.287014e-07
3.245565e+02    1.209292e-07
3.280503e+02    1.134564e-07
3.315817e+02    1.063760e-07
3.351511e+02    9.967006e-08
3.424057e+02    8.685533e-08
3.460916e+02    8.114907e-08
3.498172e+02    7.564145e-08
3.535830e+02    7.041997e-08
3.573892e+02    6.552111e-08
3.612364e+02    6.087081e-08
3.651251e+02    5.653855e-08
3.690556e+02    5.235950e-08
3.730284e+02    4.843222e-08
3.770440e+02    4.475393e-08
3.811028e+02    4.134356e-08
3.852053e+02    3.811637e-08
3.893520e+02    3.504482e-08
3.935433e+02    3.224700e-08
3.977798e+02    2.957384e-08
4.020618e+02    2.708762e-08
4.063899e+02    2.476362e-08
4.107646e+02    2.258591e-08
4.151865e+02    2.057552e-08
4.196559e+02    1.870648e-08
4.241734e+02    1.696385e-08
4.287396e+02    1.535604e-08
4.333549e+02    1.385024e-08
4.380199e+02    1.250160e-08
4.427351e+02    1.125794e-08
4.475010e+02    1.007709e-08
4.523183e+02    8.989826e-09
4.571874e+02    8.038475e-09
4.621090e+02    7.148599e-09
4.670835e+02    6.326019e-09
4.721116e+02    5.598642e-09
4.771938e+02    4.923608e-09
4.823307e+02    4.322570e-09
4.875229e+02    3.781570e-09
4.927710e+02    3.293287e-09
4.980756e+02    2.855421e-09
5.034373e+02    2.462074e-09
5.088567e+02    2.112458e-09
5.143345e+02    1.810136e-09
5.198712e+02    1.535928e-09
5.254676e+02    1.299853e-09
5.311241e+02    1.092299e-09
5.368416e+02    9.108694e-10
5.426206e+02    7.552198e-10
5.484618e+02    6.203139e-10
5.543659e+02    5.056374e-10
5.663655e+02    3.266788e-10
5.724623e+02    2.586212e-10
5.786248e+02    2.026838e-10
5.848536e+02    1.562554e-10
5.975130e+02    8.907749e-11
6.039452e+02    6.554578e-11
6.104465e+02    4.731322e-11
6.170179e+02    3.331392e-11
6.236600e+02    2.284113e-11
6.303736e+02    1.520782e-11
6.371595e+02    9.775163e-12
6.440184e+02    5.984583e-12
6.509511e+02    3.517606e-12
6.579585e+02    1.927501e-12
6.650413e+02    9.779290e-13
6.722004e+02    4.457312e-13
6.794365e+02    1.758651e-13
6.867505e+02    5.586542e-14
6.941433e+02    1.242741e-14
7.016156e+02    1.335251e-15
