1	0.0477374377007691
2	0.022824668452366206
3	0.014255776947747614
4	0.010006909595474862
5	0.0075044338536234285
6	0.0058734294843540745
7	0.004736895991767558
8	0.003906573217363027
9	0.0032782777418237387
10	0.002789906360250069
11	0.0024022282456846312
12	0.0020893213635521627
13	0.0018333756239565305
14	0.001621739684730794
15	0.0014451846775343899
16	0.001296695948991431
17	0.0011708215316093337
18	0.0010625275613742125
19	0.0009685549378045731
20	0.0008865840671549854
21	0.0008146586328099746
22	0.0007510503809957499
23	0.0006945434482960118
24	0.0006441404628638801
25	0.0005989362113316608
26	0.0005582456482207135
27	0.0005214916536590161
28	0.00048816010344763703
29	0.0004578482879161433
30	0.00043019456675990616
31	0.0004048950901644791
32	0.00038169063058208407
33	0.00036035338622680184
34	0.00034069044621190493
35	0.0003225281159966426
36	0.00030571996759129694
37	0.0002901334002799177
38	0.00027565327987571765
39	0.00026217831176196483
40	0.0002496172350893012
41	0.0002378898180444706
42	0.0002269241969271478
43	0.00021665666782152
44	0.00020702996228094328
45	0.00019799171220988122
46	0.00018949569721283922
47	0.00018149993518275608
48	0.0001739662662928638
49	0.0001668603404317869
50	0.000160150575867976
51	0.00015380877005116662
52	0.00014780883870599097
53	0.00014212694186601513
54	0.00013674160539106138
55	0.0001316327566189734
56	0.00012678218457731283
57	0.0001221731621699441
58	0.00011779019382763822
59	0.00011361906532472463
60	0.00010964667438344533
61	0.00010586090025992567
62	0.00010225049408844697
63	0.00009880504798906709
64	0.00009551495619888906
65	0.00009237122613724379
66	0.00008936557845589184
67	0.00008649026130864105
68	0.00008373802846926993
69	0.00008110221273365209
70	0.00007857650675085986
71	0.00007615507338421962
72	0.00007383242431357959
73	0.00007160342456198472
74	0.00006946328812934715
75	0.00006740751694751263
76	0.00006543187370928238
77	0.00006353240556227895
78	0.00006170539253343725
79	0.000059947315041961554
80	0.00005825489209059984
81	0.00005662502217407642
82	0.00005505477192337231
83	0.00005354139111257412
84	0.000052082268899286884
85	0.000050674955566065094
86	0.000049317129142741974
87	0.00004800658945088448
88	0.000046741267071104
89	0.00004551919146218631
90	0.00004433850492715186
91	0.00004319743858722589
92	0.00004209432613351529
93	0.00004102758507456639
94	0.0000399956878597563
95	0.000038997225184098005
96	0.000038030832889198975
97	0.000037095219660075214
98	0.00003618915419660326
99	0.000035311469012837744
100	0.00003446105105050374
101	0.00003363684035537244
102	0.0000328378278684707
103	0.000032063049049412055
104	0.00003131158685474396
105	0.00003058256523691925
106	0.000029875148104779825
107	0.000029188536780529828
108	0.00002852196797999603
109	0.000027874714443738976
110	0.00002724607812711834
111	0.000026635393019326327
112	0.000026042021730329605
113	0.00002546535479275484
114	0.000024904807090031127
115	0.000024359819887604357
116	0.000023829856795156828
117	0.00002331440450457774
118	0.00002281297038343432
119	0.00002232508227477954
120	0.0000218502865668969
121	0.000021388149179610074
122	0.000020938252519419588
123	0.00002050019558635094
124	0.00002007359382619257
125	0.000019658077385515473
126	0.00001925329031749769
127	0.000018858891076467253
128	0.00001847455135238354
129	0.000018099954867828725
130	0.000017734797297919967
131	0.000017378786046963774
132	0.000017031638090562542
133	0.000016693085445475393
134	0.000016362863691296576
135	0.00001604072163732002
136	0.000015726416937453273
137	0.000015419716774411637
138	0.000015120391904267969
139	0.000014828228618347148
140	0.000014543015768648929
141	0.000014264551207949231
142	0.000013992639125430535
143	0.000013727091245817979
144	0.000013467724873001978
145	0.000013214365954839241
146	0.00001296684280442347
147	0.00001272499205907948
148	0.000012488655204522795
149	0.000012257678854505298
150	0.000012031915012662128
151	0.000011811220179395665
152	0.000011595456080762038
153	0.000011384488568600967
154	0.00001117818810589299
155	0.000010976429100131813
156	0.000010779090160473627
157	0.000010586053779444646
158	0.000010397206115022603
159	0.000010212436805964959
160	0.00001003163955103347
161	9.854710091695468e-6
162	9.681548935600728e-6
163	9.51205877820163e-6
164	9.346145428588898e-6
165	9.183717614095863e-6
166	9.02468687884986e-6
167	8.86896744927525e-6
168	8.71647607531231e-6
169	8.567132046323936e-6
170	8.42085696538963e-6
171	8.277575043614816e-6
172	8.137212082950989e-6
173	7.999696865177558e-6
174	7.864959704070169e-6
175	7.732932912249201e-6
176	7.603551612536262e-6
177	7.476751449696425e-6
178	7.352470841779874e-6
179	7.23064964453755e-6
180	7.111229458961608e-6
181	6.994153591597849e-6
182	6.879366875778169e-6
183	6.766815693751516e-6
184	6.65644801436637e-6
185	6.548212896952949e-6
186	6.442061274954856e-6
187	6.337944596809863e-6
188	6.235817902920221e-6
189	6.135634160747357e-6
190	6.0373497682592614e-6
191	5.94092181403337e-6
192	5.8463083288011635e-6
193	5.7534687939598855e-6
194	5.662363542565948e-6
195	5.572953992191387e-6
196	5.485202601459401e-6
197	5.399072779780272e-6
198	5.314528911326679e-6
199	5.231536325186549e-6
200	5.150061284034834e-6
201	5.070070576355574e-6
202	4.991532055364995e-6
203	4.914415413665756e-6
204	4.838688489720433e-6
205	4.7643237901785016e-6
206	4.691290494435799e-6
207	4.619560998576485e-6
208	4.549107768092031e-6
209	4.479903956893615e-6
210	4.411923387086892e-6
211	4.3451405289938455e-6
212	4.279530472938719e-6
213	4.215068918832055e-6
214	4.151732158784728e-6
215	4.089497067186947e-6
216	4.028341067110997e-6
217	3.968242133803751e-6
218	3.909178760921288e-6
219	3.85112996479183e-6
220	3.794075253179056e-6
221	3.7379946343952593e-6
222	3.6828685564369786e-6
223	3.6286779634638313e-6
224	3.5754042294474342e-6
225	3.523029158603125e-6
226	3.471534986358098e-6
227	3.4209043602387145e-6
228	3.371120314481444e-6
229	3.322166289099209e-6
230	3.274026096986506e-6
231	3.2266839194639858e-6
232	3.1801243010187713e-6
233	3.1343321266655045e-6
234	3.0892926353002603e-6
235	3.0449913886062047e-6
236	3.0014142796322203e-6
237	2.958547506033308e-6
238	2.9163775798094e-6
239	2.8748913346932748e-6
240	2.8340758862193223e-6
241	2.7939184326209366e-6
242	2.754406866693408e-6
243	2.71552903222629e-6
244	2.6772731253192323e-6
245	2.6396275947086795e-6
246	2.6025811404829118e-6
247	2.566122706045812e-6
248	2.5302414724685554e-6
249	2.4949268509763874e-6
250	2.460168475188465e-6
251	2.425956213607746e-6
252	2.3922801322420836e-6
253	2.3591305186076457e-6
254	2.3264977592002455e-6
255	2.294372839255377e-6
256	2.262746342727378e-6
257	2.2316094435561767e-6
258	2.2009533963926393e-6
259	2.170769644335969e-6
260	2.141049957398165e-6
261	2.1117856516467795e-6
262	2.0829691584771327e-6
263	2.054592438048635e-6
264	2.026647778025716e-6
265	1.999127612606847e-6
266	1.972024536093583e-6
267	1.9453312888001097e-6
268	1.9190407589664976e-6
269	1.893145978078815e-6
270	1.8676401129166008e-6
271	1.8425164727589286e-6
272	1.8177684972480974e-6
273	1.793389754062132e-6
274	1.7693739414217824e-6
275	1.7457148790537908e-6
276	1.7224065101097851e-6
277	1.6994428954861326e-6
278	1.6768182104955278e-6
279	1.6545267470544504e-6
280	1.6325629072742814e-6
281	1.6109212006720698e-6
282	1.5895962405270844e-6
283	1.568582747995482e-6
284	1.5478755436458204e-6
285	1.5274695471692208e-6
286	1.507359775910018e-6
287	1.4875413411862383e-6
288	1.468009446901073e-6
289	1.4487593880208862e-6
290	1.4297865499565751e-6
291	1.4110864021214935e-6
292	1.392654500888281e-6
293	1.3744864853056886e-6
294	1.3565780747539884e-6
295	1.3389250700353046e-6
296	1.3215233494566739e-6
297	1.3043688665093674e-6
298	1.2874576499374016e-6
299	1.2707858021354174e-6
300	1.254349496466189e-6
301	1.2381449771003688e-6
302	1.2221685549881054e-6
303	1.206416610674929e-6
304	1.190885589086089e-6
305	1.175571998826454e-6
306	1.1604724134135735e-6
307	1.1455834668319734e-6
308	1.130901853703255e-6
309	1.116424328760367e-6
310	1.102147703664465e-6
311	1.0880685716897576e-6
312	1.074184683954014e-6
313	1.0604921933533118e-6
314	1.046988408445092e-6
315	1.0336703851496713e-6
316	1.0205353167797756e-6
317	1.0075803928147922e-6
318	9.94802787975198e-7
319	9.821998168836655e-7
320	9.69768811068824e-7
321	9.575071491372525e-7
322	9.454122538130365e-7
323	9.334815934351067e-7
324	9.217126797262957e-7
325	9.101030676705855e-7
326	8.986503535762429e-7
327	8.873521754205828e-7
328	8.762062114062893e-7
329	8.652101793489591e-7
330	8.543618356956798e-7
331	8.436589755403315e-7
332	8.33099428242469e-7
333	8.226810698925936e-7
334	8.124017978874166e-7
335	8.02259554437666e-7
336	7.922523138353051e-7
337	7.82378046515615e-7
338	7.726348694652467e-7
339	7.630208195098218e-7
340	7.535340025522642e-7
341	7.441725561073682e-7
342	7.349346491124976e-7
343	7.258184877623578e-7
344	7.168222762689703e-7
345	7.079442965290778e-7
346	6.991828263188247e-7
347	6.905361802805984e-7
348	6.820026992289227e-7
349	6.735807512460622e-7
350	6.652687320495271e-7
351	6.570650616725398e-7
352	6.489681886436061e-7
353	6.409765840813794e-7
354	6.33088744343859e-7
355	6.253031894775954e-7
356	6.17618464269355e-7
357	6.100331357874482e-7
358	6.025457950522167e-7
359	5.95155054397154e-7
360	5.878595491631637e-7
361	5.806579358059196e-7
362	5.735488922308762e-7
363	5.665311173144994e-7
364	5.596033302560913e-7
365	5.527642707339711e-7
366	5.460126977839798e-7
367	5.393474054254227e-7
368	5.327671459760253e-7
369	5.26270781526204e-7
370	5.198571318494131e-7
371	5.135250501557614e-7
372	5.072734073512287e-7
373	5.011010917564089e-7
374	4.950070088929167e-7
375	4.88990061666925e-7
376	4.830492483040729e-7
377	4.771834648616759e-7
378	4.713917022831896e-7
379	4.65672947841828e-7
380	4.600262039715584e-7
381	4.5445048839960936e-7
382	4.4894483388668315e-7
383	4.4350828780076506e-7
384	4.3813991175479617e-7
385	4.3283878209672283e-7
386	4.276039882723805e-7
387	4.2243463437043613e-7
388	4.1732984775629774e-7
389	4.12288727220889e-7
390	4.07310447820222e-7
391	4.0239415509648984e-7
392	3.975390180089458e-7
393	3.9274421755247735e-7
394	3.880089470181272e-7
395	3.8333241188842897e-7
396	3.7871382908345646e-7
397	3.7415242730590723e-7
398	3.6964744647861356e-7
399	3.6519818321696266e-7
400	3.6080380904068903e-7
401	3.5646364234600606e-7
402	3.5217696684133043e-7
403	3.479430766816636e-7
404	3.437612763546016e-7
405	3.396308804051973e-7
406	3.3555121348019776e-7
407	3.3152160985563013e-7
408	3.2754141367779023e-7
409	3.2360997837162437e-7
410	3.197266668087174e-7
411	3.1589085099823173e-7
412	3.121019120761873e-7
413	3.083592399118392e-7
414	3.046622332577238e-7
415	3.0101029943113336e-7
416	2.974028542132406e-7
417	2.938393217515961e-7
418	2.9031913430642254e-7
419	2.868417323513567e-7
420	2.834065420341221e-7
421	2.800130859531741e-7
422	2.766607615153394e-7
423	2.733490623104029e-7
424	2.7007746717804767e-7
425	2.6684546230856954e-7
426	2.636525411872645e-7
427	2.604982043225983e-7
428	2.5738195925192597e-7
429	2.543033235757139e-7
430	2.5126180893632794e-7
431	2.48256952779841e-7
432	2.4528828630908356e-7
433	2.4235535049928e-7
434	2.394576926071586e-7
435	2.365948661807994e-7
436	2.3376641317380673e-7
437	2.3097195266565455e-7
438	2.282110031749474e-7
439	2.2548311893045832e-7
440	2.227879659129516e-7
441	2.2012509199698206e-7
442	2.1749413300654442e-7
443	2.1489460717924794e-7
444	2.1232615807387513e-7
445	2.0978840698887924e-7
446	2.0728096034899677e-7
447	2.0480344320081156e-7
448	2.023554823409809e-7
449	1.9993667088528347e-7
450	1.9754672364820648e-7
451	1.9518521632143617e-7
452	1.928518764738233e-7
453	1.9054631210303172e-7
454	1.8826813073118433e-7
455	1.8601698444354318e-7
456	1.8379267827632635e-7
457	1.8159474143882648e-7
458	1.7942289557576148e-7
459	1.7727681883455476e-7
460	1.7515619395281325e-7
461	1.730607079515756e-7
462	1.7099005195249583e-7
463	1.6894392160742767e-7
464	1.6692201510497337e-7
465	1.6492403706314046e-7
466	1.629496943907216e-7
467	1.6099869614102183e-7
468	1.5907075982398336e-7
469	1.5716560308069747e-7
470	1.55282948230283e-7
471	1.534225212092734e-7
472	1.5158405157572347e-7
473	1.497672724246465e-7
474	1.4797191630994456e-7
475	1.461977353229575e-7
476	1.4444446082192138e-7
477	1.427118424993997e-7
478	1.4099963360429686e-7
479	1.3930757138556977e-7
480	1.3763545189922627e-7
481	1.3598299425472852e-7
482	1.3434998016029687e-7
483	1.3273616928684242e-7
484	1.3114133252815843e-7
485	1.2956524167125507e-7
486	1.280076610375572e-7
487	1.2646839595861262e-7
488	1.249472029468335e-7
489	1.2344387553755752e-7
490	1.2195818813067874e-7
491	1.2048994691639794e-7
492	1.1903892656013693e-7
493	1.176049349571439e-7
494	1.1618775976856938e-7
495	1.1478720341155245e-7
496	1.13403067807828e-7
497	1.1203515736954206e-7
498	1.1068327902911971e-7
499	1.0934724211882252e-7
500	1.0802685004166094e-7
501	1.0672194204484625e-7
502	1.0543230952031561e-7
503	1.0415777960750514e-7
504	1.0289817337143155e-7
505	1.0165331413712172e-7
506	1.004230274304144e-7
507	9.920714097849224e-8
508	9.800548465184093e-8
509	9.681789047051816e-8
510	9.564419251217068e-8
511	9.448422696232268e-8
512	9.333783201931067e-8
513	9.220484791272496e-8
514	9.108511684911267e-8
515	8.997848300454786e-8
516	8.888479247406946e-8
517	8.780389326003471e-8
518	8.673563524805103e-8
519	8.567987018528171e-8
520	8.463645163930074e-8
521	8.360523499227121e-8
522	8.258607739666963e-8
523	8.157883776679129e-8
524	8.058337675041477e-8
525	7.959955671427255e-8
526	7.86272416984547e-8
527	7.766629741259504e-8
528	7.671659121743905e-8
529	7.577799208143792e-8
530	7.485037132760293e-8
531	7.39335989252635e-8
532	7.302755081820669e-8
533	7.213210138159292e-8
534	7.12471273224991e-8
535	7.037250717422757e-8
536	6.950812053851664e-8
537	6.865384859852556e-8
538	6.780957399646235e-8
539	6.69751807798659e-8
540	6.615055440300441e-8
541	6.533558169738589e-8
542	6.453015086913867e-8
543	6.373415145988146e-8
544	6.294747433915279e-8
545	6.217001159583905e-8
546	6.14016570255198e-8
547	6.064230506862023e-8
548	5.989185185249715e-8
549	5.915019464468875e-8
550	5.8417231930806594e-8
551	5.769286342329325e-8
552	5.697699001858885e-8
553	5.626951381402534e-8
554	5.557033804232699e-8
555	5.4879367121008145e-8
556	5.419650658714396e-8
557	5.3521663104711294e-8
558	5.2854744442613953e-8
559	5.219565946533658e-8
560	5.1544318117933427e-8
561	5.090063141689197e-8
562	5.026451142226405e-8
563	4.9635871237646446e-8
564	4.901462498024538e-8
565	4.840068778973336e-8
566	4.779397580616617e-8
567	4.719440616046261e-8
568	4.660189695181729e-8
569	4.6016367244460036e-8
570	4.5437737054373723e-8
571	4.486592739030845e-8
572	4.430086002463778e-8
573	4.374245775191188e-8
574	4.3190644379831284e-8
575	4.2645344442113234e-8
576	4.210648340999693e-8
577	4.157398762428235e-8
578	4.1047784286671474e-8
579	4.052780249626011e-8
580	4.00139679985462e-8
581	3.95062136459994e-8
582	3.9004468923684115e-8
583	3.850866517012867e-8
584	3.801873452072608e-8
585	3.753460990108587e-8
586	3.70562250109996e-8
587	3.6583514312512855e-8
588	3.611641310187548e-8
589	3.565485716204268e-8
590	3.5198783396588274e-8
591	3.474812930893249e-8
592	3.430283281332453e-8
593	3.3862832914803004e-8
594	3.342806919792064e-8
595	3.299848194125251e-8
596	3.257401199446552e-8
597	3.2154601241146046e-8
598	3.17401918705161e-8
599	3.1330726862483195e-8
600	3.0926149871761e-8
601	3.052640510977394e-8
602	3.0131437521871184e-8
603	2.9741192985219364e-8
604	2.9355617564940822e-8
605	2.8974657809886648e-8
606	2.85982611080469e-8
607	2.8226375454412362e-8
608	2.785894943631481e-8
609	2.7495932222373768e-8
610	2.713727356139158e-8
611	2.6782923775251313e-8
612	2.6432833751704473e-8
613	2.608695493538563e-8
614	2.5745239326575095e-8
615	2.5407639465319815e-8
616	2.5074108435218523e-8
617	2.4744599847402653e-8
618	2.4419067842960178e-8
619	2.4097467083273663e-8
620	2.377975273703983e-8
621	2.346588048324665e-8
622	2.315580649563824e-8
623	2.2849487422366168e-8
624	2.2546880462485695e-8
625	2.2247943263578095e-8
626	2.195263395245789e-8
627	2.1660911130723484e-8
628	2.1372733861833068e-8
629	2.1088061671283172e-8
630	2.08068545453853e-8
631	2.0529072964181516e-8
632	2.025467770748367e-8
633	1.9983630082078485e-8
634	1.9715891950978357e-8
635	1.9451425441706307e-8
636	1.9190193159989737e-8
637	1.893215813206643e-8
638	1.867728379792968e-8
639	1.8425534008228124e-8
640	1.8176873017027725e-8
641	1.793126547900223e-8
642	1.7688676436680676e-8
643	1.7449071338309968e-8
644	1.721241601516963e-8
645	1.6978676677626763e-8
646	1.6747819911821525e-8
647	1.6519812679527e-8
648	1.62946223104919e-8
649	1.60722164989567e-8
650	1.5852563301673308e-8
651	1.563563112685757e-8
652	1.5421388736248394e-8
653	1.5209805120421366e-8
654	1.5000850101664744e-8
655	1.4794493109235352e-8
656	1.4590704397338412e-8
657	1.4389454428059606e-8
658	1.4190713994775063e-8
659	1.3994454214425319e-8
660	1.3800646524162462e-8
661	1.360926268105104e-8
662	1.3420274753460845e-8
663	1.3233655118383221e-8
664	1.3049376462626378e-8
665	1.2867411774981768e-8
666	1.268773434485416e-8
667	1.2510317756146907e-8
668	1.2335135885186259e-8
669	1.216216289938277e-8
670	1.1991373252794843e-8
671	1.1822741681989982e-8
672	1.165624320443767e-8
673	1.149185311352415e-8
674	1.1329546974962736e-8
675	1.1169300625169608e-8
676	1.1011090168612034e-8
677	1.0854891973482015e-8
678	1.0700682670698777e-8
679	1.0548439148846075e-8
680	1.039813855266469e-8
681	1.0249758278850292e-8
682	1.010327597561873e-8
683	9.95866957534613e-9
684	9.815917100907126e-9
685	9.674997039048022e-9
686	9.535887978294962e-9
687	9.398568770636481e-9
688	9.26301850509237e-9
689	9.12921649964558e-9
690	8.997142308872422e-9
691	8.866775698978868e-9
692	8.738096666632591e-9
693	8.611085437799237e-9
694	8.485722435680522e-9
695	8.361988311662782e-9
696	8.239863930948277e-9
697	8.119330369472313e-9
698	8.000368914002944e-9
699	7.882961058237991e-9
700	7.767088487630797e-9
701	7.652733110272172e-9
702	7.539877020985576e-9
703	7.428502515945317e-9
704	7.318592083877568e-9
705	7.210128407193686e-9
706	7.103094360492968e-9
707	6.997473007926402e-9
708	6.893247600068315e-9
709	6.790401572031888e-9
710	6.6889185418676376e-9
711	6.588782308321697e-9
712	6.489976851365988e-9
713	6.392486329877564e-9
714	6.296295066213229e-9
715	6.201387561553392e-9
716	6.107748489608654e-9
717	6.015362693460933e-9
718	5.9242151839831055e-9
719	5.8342911365077e-9
720	5.745575890602397e-9
721	5.658054947716945e-9
722	5.5717139710378285e-9
723	5.4865386744371776e-9
724	5.402515348632003e-9
725	5.319629811621642e-9
726	5.23786845354725e-9
727	5.157217711830507e-9
728	5.077664173327876e-9
729	4.999194573186315e-9
730	4.92179579396969e-9
731	4.845454864154242e-9
732	4.7701589543361545e-9
733	4.695895377567348e-9
734	4.62265158831122e-9
735	4.5504151840306275e-9
736	4.479173888964843e-9
737	4.408915569810195e-9
738	4.339628228396258e-9
739	4.271299998789908e-9
740	4.203919160761489e-9
741	4.137474088381131e-9
742	4.071953289868393e-9
743	4.007345463786519e-9
744	3.943639368944554e-9
745	3.8808239089983315e-9
746	3.818888111088257e-9
747	3.757821124481501e-9
748	3.6976122202286174e-9
749	3.638250787218715e-9
750	3.579726332909418e-9
751	3.522028481967677e-9
752	3.4651469750861736e-9
753	3.409071667904687e-9
754	3.353792528316972e-9
755	3.2992996364183998e-9
756	3.245583197179284e-9
757	3.1926335126728725e-9
758	3.1404409810455854e-9
759	3.088996106545322e-9
760	3.0382895244981095e-9
761	2.9883119366815e-9
762	2.939054240889602e-9
763	2.8905073069515764e-9
764	2.8426621932108556e-9
765	2.795510037285504e-9
766	2.749042076142378e-9
767	2.7032496459003176e-9
768	2.658124180771968e-9
769	2.613657208908043e-9
770	2.569840355097608e-9
771	2.5266653391115425e-9
772	2.484123974034718e-9
773	2.4422081653406818e-9
774	2.4009099100855168e-9
775	2.3602212956214505e-9
776	2.3201344987051667e-9
777	2.2806417899279596e-9
778	2.2417355175400687e-9
779	2.203403729777776e-9
780	2.1656477587033623e-9
781	2.1284559406736327e-9
782	2.0918207567912874e-9
783	2.055735056059969e-9
784	2.0201917009291405e-9
785	1.9851836327694406e-9
786	1.9507038724524598e-9
787	1.9167455200538e-9
788	1.8833017557607373e-9
789	1.8503658378671652e-9
790	1.8179311020645244e-9
791	1.7859909578459655e-9
792	1.7545389004962044e-9
793	1.7235684922984417e-9
794	1.6930733530612303e-9
795	1.6630470760923605e-9
796	1.6334836886808359e-9
797	1.6043769280532108e-9
798	1.57572071817984e-9
799	1.5475090532483472e-9
800	1.5197359973697736e-9
801	1.492395680949255e-9
802	1.4654823018555054e-9
803	1.4389901438045401e-9
804	1.412913525644533e-9
805	1.3872468523502414e-9
806	1.3619845895579355e-9
807	1.3371212685311765e-9
808	1.312651487321769e-9
809	1.2885698970206855e-9
810	1.2648712168184665e-9
811	1.2415502279938708e-9
812	1.218601773094829e-9
813	1.1960207547572369e-9
814	1.173802135869318e-9
815	1.1519409416804554e-9
816	1.130432251466963e-9
817	1.1092712019297694e-9
818	1.088452989460097e-9
819	1.067972865386024e-9
820	1.047826138756241e-9
821	1.028008171251152e-9
822	1.0085143953226061e-9
823	9.893402859141625e-10
824	9.704813591499946e-10
825	9.519331956939496e-10
826	9.336914181145214e-10
827	9.15751747197141e-10
828	8.981098862040696e-10
829	8.807616353561317e-10
830	8.637028304274404e-10
831	8.469293709676073e-10
832	8.304371787061193e-10
833	8.14222266238027e-10
834	7.982806479643661e-10
835	7.82608415372646e-10
836	7.672017004574292e-10
837	7.520566826864844e-10
838	7.371695813594555e-10
839	7.225366768146688e-10
840	7.081542784835508e-10
841	6.94018749927323e-10
842	6.801264957243419e-10
843	6.664739704133173e-10
844	6.530576656636613e-10
845	6.39874120233751e-10
846	6.269199086652741e-10
847	6.141916531485491e-10
848	6.016860173328571e-10
849	5.893997008809098e-10
850	5.773294566279436e-10
851	5.65472065414561e-10
852	5.538243530343068e-10
853	5.423831860562751e-10
854	5.311454685211891e-10
855	5.201081437628015e-10
856	5.092681933072066e-10
857	4.986226369005852e-10
858	4.881685315198554e-10
859	4.779028875982252e-10
860	4.678230018580099e-10
861	4.5792595964868516e-10
862	4.4820896373525246e-10
863	4.386692527151188e-10
864	4.293041003615974e-10
865	4.201108153179482e-10
866	4.110867408604488e-10
867	4.0222925398406794e-10
868	3.9353576538940036e-10
869	3.8500371942951963e-10
870	3.7663059731838184e-10
871	3.6841390391695603e-10
872	3.603511823677189e-10
873	3.524400033631156e-10
874	3.4467797523056126e-10
875	3.3706273345283896e-10
876	3.295919455564839e-10
877	3.222633096488768e-10
878	3.150745538750957e-10
879	3.080234364063852e-10
880	3.0110774506596863e-10
881	2.9432529685407275e-10
882	2.876739376679875e-10
883	2.811515421865673e-10
884	2.7475601309948867e-10
885	2.6848528150672167e-10
886	2.6233730543376574e-10
887	2.563100708713876e-10
888	2.504015908860591e-10
889	2.446099050479729e-10
890	2.3893307939648664e-10
891	2.3336920638300216e-10
892	2.279164052631535e-10
893	2.2257281909901695e-10
894	2.1733661691120338e-10
895	2.1220599313980838e-10
896	2.0717916682042841e-10
897	2.0225438169756918e-10
898	1.974299055652315e-10
899	1.9270403043928683e-10
900	1.8807507149625836e-10
901	1.8354136781027598e-10
902	1.7910128118914864e-10
903	1.7475319661720423e-10
904	1.704955218744436e-10
905	1.663266869575606e-10
906	1.622451438724406e-10
907	1.5824936581726984e-10
908	1.5433784929604505e-10
909	1.5050911177462274e-10
910	1.4676169184192802e-10
911	1.4309414830357483e-10
912	1.395050606677908e-10
913	1.3599302932744852e-10
914	1.3255667472087403e-10
915	1.2919463742865973e-10
916	1.259055775780301e-10
917	1.2268817491773426e-10
918	1.1954112845486495e-10
919	1.164631563472368e-10
920	1.1345299567265249e-10
921	1.1050940342842202e-10
922	1.0763115352189049e-10
923	1.0481703679498929e-10
924	1.0206586326507845e-10
925	9.937646101016011e-11
926	9.674767572412709e-11
927	9.417837067868655e-11
928	9.166742559248392e-11
929	8.921373757038548e-11
930	8.68162203928339e-11
931	8.447380461877092e-11
932	8.218543692000848e-11
933	7.99500803992914e-11
934	7.77667138154437e-11
935	7.563433192594412e-11
936	7.355194509155113e-11
937	7.151857891534563e-11
938	6.95332743205904e-11
939	6.759508714292432e-11
940	6.570308835981234e-11
941	6.385640473077148e-11
942	6.20540557537182e-11
943	6.029519490292484e-11
944	5.857895096648207e-11
945	5.6904466211893634e-11
946	5.527089682762719e-11
947	5.367741268140195e-11
948	5.2123197158127103e-11
949	5.060744691229715e-11
950	4.9129373242568875e-11
951	4.768819734733934e-11
952	4.628315477572055e-11
953	4.491349371017498e-11
954	4.3578474847816447e-11
955	4.227737129066907e-11
956	4.1009468102004655e-11
957	3.9774062481885214e-11
958	3.8570463911905735e-11
959	3.7397992990842386e-11
960	3.6255981740627257e-11
961	3.514377399165535e-11
962	3.406072459589934e-11
963	3.30061998237022e-11
964	3.197957669184216e-11
965	3.098024294667469e-11
966	3.0007597218983605e-11
967	2.9061048621457245e-11
968	2.8140016624212962e-11
969	2.7243930983069327e-11
970	2.6372232195166326e-11
971	2.5524369733686948e-11
972	2.4699803287715443e-11
973	2.3898002303056487e-11
974	2.311844587564133e-11
975	2.2360622528699514e-11
976	2.1624030281451343e-11
977	2.0908176063828906e-11
978	2.0212576122072437e-11
979	1.9536755565399493e-11
980	1.8880248391475253e-11
981	1.824259729137647e-11
982	1.7623353554465232e-11
983	1.702207690947694e-11
984	1.6438335481242402e-11
985	1.5871705624226574e-11
986	1.5321771723763455e-11
987	1.4788126222253015e-11
988	1.427036938257357e-11
989	1.3768109327476174e-11
990	1.3280961923346709e-11
991	1.2808550404600592e-11
992	1.2350505458981292e-11
993	1.1906465265113285e-11
994	1.14760751808242e-11
995	1.105898729794826e-11
996	1.065486103299571e-11
997	1.0263362703446394e-11
998	9.88416544025259e-12
999	9.516948998518621e-12
1000	9.161399774183091e-12
1001	8.817210695118336e-12
1002	8.48408101668817e-12
1003	8.161716318213942e-12
1004	7.849828384763227e-12
1005	7.548135136104752e-12
1006	7.256360484179169e-12
1007	6.974234269383212e-12
1008	6.7014920847228105e-12
1009	6.437875321370196e-12
1010	6.183130975318911e-12
1011	5.9370116170333045e-12
1012	5.699275203671386e-12
1013	5.46968532988241e-12
1014	5.248010845980575e-12
1015	5.034025145890556e-12
1016	4.827507343337208e-12
1017	4.628241571919005e-12
1018	4.436016458522798e-12
1019	4.250625706758806e-12
1020	4.071867884666817e-12
1021	3.899546264796083e-12
1022	3.733468721911047e-12
1023	3.5734476644967782e-12
1024	3.419299943672743e-12
1025	3.2708467671815217e-12
1026	3.1279136980694253e-12
1027	2.9903305463334005e-12
1028	2.8579313328072437e-12
1029	2.730553892333469e-12
1030	2.6080402284322365e-12
1031	2.4902362654040635e-12
1032	2.3769917895373323e-12
1033	2.2681603885105277e-12
1034	2.1635993678067924e-12
1035	2.063169681599309e-12
1036	1.966735843531233e-12
1037	1.8741659168642695e-12
1038	1.785331378857849e-12
1039	1.7001070738021575e-12
1040	1.6183695840707609e-12
1041	1.5400035321641498e-12
1042	1.4648920879225257e-12
1043	1.3929228853469568e-12
1044	1.323986712118504e-12
1045	1.257977395368173e-12
1046	1.1947917016461797e-12
1047	1.1343292984587675e-12
1048	1.076492630060919e-12
1049	1.0211869269350413e-12
1050	9.683201313358694e-13
1051	9.178028406771236e-13
1052	8.695482529153545e-13
1053	8.234720943383857e-13
1054	7.794925832080909e-13
1055	7.375303769747808e-13
1056	6.975085566752132e-13
1057	6.593524250897361e-13
1058	6.22989613180386e-13
1059	5.883499848714803e-13
1060	5.553655709587201e-13
1061	5.239719598201453e-13
1062	4.941025438121733e-13
1063	4.656967083063592e-13
1064	4.386954061491085e-13
1065	4.130404129666615e-13
1066	3.886758184671094e-13
1067	3.6554756231669043e-13
1068	3.436033435076468e-13
1069	3.2279262860549377e-13
1070	3.0306660874622985e-13
1071	2.843781613389762e-13
1072	2.6668176511095056e-13
1073	2.4993349474087187e-13
1074	2.340909712056687e-13
1075	2.1911332324321844e-13
1076	2.0496116471854314e-13
1077	1.915965039591066e-13
1078	1.7898260938629755e-13
1079	1.6708456015704e-13
1080	1.5586828610040883e-13
1081	1.4530114847246653e-13
1082	1.3535175377996884e-13
1083	1.2598993674162956e-13
1084	1.1718667530464183e-13
1085	1.0891410788808967e-13
1086	1.011454716274377e-13
1087	9.385508970686881e-14
1088	8.701833531665785e-14
1089	8.061158031054323e-14
1090	7.461218650686978e-14
1091	6.89984947010813e-14
1092	6.374968989680267e-14
1093	5.884592101395831e-14
1094	5.4268183621154413e-14
1095	4.9998317590459265e-14
1096	4.601895661246597e-14
1097	4.2313519652161625e-14
1098	3.8866215046431396e-14
1099	3.566193465357257e-14
1100	3.268630244030722e-14
1101	2.992561794132318e-14
1102	2.736684081652059e-14
1103	2.499754681257996e-14
1104	2.2805985597859994e-14
1105	2.0781002892275414e-14
1106	1.8911746030304735e-14
1107	1.7188342614589344e-14
1108	1.560115641850708e-14
1109	1.4141119677787385e-14
1110	1.2799657700963328e-14
1111	1.1568660946682688e-14
1112	1.0440464764350867e-14
1113	9.407831172926502e-15
1114	8.463937028381223e-15
1115	7.602319104087208e-15
1116	6.817013506523899e-15
1117	6.102235079481041e-15
1118	5.4526633895584855e-15
1119	4.863267186798178e-15
1120	4.329335747342564e-15
1121	3.8464564040557134e-15
1122	3.4105007090393946e-15
1123	3.0176080631745046e-15
1124	2.664181440914144e-15
1125	2.346860508434867e-15
1126	2.0625195129383486e-15
1127	1.8082528531768257e-15
1128	1.5813620658377211e-15
1129	1.3793462211541823e-15
1130	1.1998892707764042e-15
1131	1.0408509066384696e-15
1132	9.002561383028396e-16
1133	7.762859553697215e-16
1134	6.672696948581387e-16
1135	5.716676681991553e-16
1136	4.880741355956593e-16
1137	4.1520468499242197e-16
1138	3.5188527764000885e-16
1139	2.9704612844611764e-16
1140	2.4971804329528613e-16
1141	2.0902130560250928e-16
1142	1.7416085076332942e-16
1143	1.4442010717296836e-16
1144	1.191546994033079e-16
1145	9.778728663199337e-17
1146	7.980132612954963e-17
1147	6.473708395160246e-17
1148	5.218694438728272e-17
1149	4.178926671882109e-17
1150	3.3226158323480696e-17
1151	2.6218392452630875e-17
1152	2.052205343849359e-17
1153	1.5924993009928418e-17
1154	1.2243578669654177e-17
1155	9.319787087098341e-18
1156	7.018313242356327e-18
1157	5.224054143371572e-18
1158	3.839727952059234e-18
1159	2.7836995192637764e-18
1160	1.9879924496971214e-18
1161	1.3964796054147282e-18
1162	9.632432821306531e-19
1163	6.510968937763571e-19
1164	4.302595209739933e-19
1165	2.77174748284558e-19
1166	1.7346527084948886e-19
1167	1.0501465214382735e-19
1168	6.116750693269616e-20
1169	3.403965328363734e-20
1170	1.7929446590381477e-20
1171	8.821820972915731e-21
1172	3.976447383225929e-21
1173	1.5915433264372312e-21
1174	5.349745777356578e-22
1175	1.3438312333097175e-22
1176	1.8273365452698695e-23
1177	2.142658989839912e-25
1178	0.
1179	0.
1180	0.
1181	0.
1182	0.
1183	0.
1184	0.
1185	0.
1186	0.
1187	0.
1188	0.
1189	0.
1190	0.
1191	0.
1192	0.
1193	0.
1194	0.
1195	0.
1196	0.
1197	0.
1198	0.
1199	0.
1200	0.