# W [GeV]    S_yy [GeV^-1]
1.000000e+01    3.997456e-04
1.028980e+01    3.827194e-04
1.043783e+01    3.833525e-04
1.058800e+01    3.767354e-04
1.089484e+01    3.651392e-04
1.105158e+01    3.597100e-04
1.137185e+01    3.489921e-04
1.153546e+01    3.446683e-04
1.170141e+01    3.389816e-04
1.204052e+01    3.286245e-04
1.221374e+01    3.196117e-04
1.238945e+01    3.204105e-04
1.256769e+01    3.143736e-04
1.274850e+01    3.095480e-04
1.293191e+01    3.046278e-04
1.311795e+01    3.001350e-04
1.408910e+01    2.782311e-04
1.449741e+01    2.699630e-04
1.470597e+01    2.663428e-04
1.513215e+01    2.577418e-04
1.534985e+01    2.543165e-04
1.557068e+01    2.500268e-04
1.579469e+01    2.465287e-04
1.602192e+01    2.431104e-04
1.625242e+01    2.391643e-04
1.672342e+01    2.321432e-04
1.696401e+01    2.284805e-04
1.720806e+01    2.249550e-04
1.745563e+01    2.213070e-04
1.770675e+01    2.185818e-04
1.821990e+01    2.120550e-04
1.848202e+01    2.085222e-04
1.874791e+01    2.055264e-04
1.901763e+01    2.021043e-04
1.929122e+01    1.993925e-04
1.956876e+01    1.963332e-04
1.985029e+01    1.932342e-04
2.013586e+01    1.904907e-04
2.042555e+01    1.876558e-04
2.071940e+01    1.850645e-04
2.101748e+01    1.819332e-04
2.162657e+01    1.767731e-04
2.193770e+01    1.739002e-04
2.225331e+01    1.711630e-04
2.257345e+01    1.687818e-04
2.289821e+01    1.660955e-04
2.322763e+01    1.639928e-04
2.356180e+01    1.612665e-04
2.390077e+01    1.588268e-04
2.459342e+01    1.539204e-04
2.494723e+01    1.516493e-04
2.530613e+01    1.493624e-04
2.603951e+01    1.449358e-04
2.641412e+01    1.426290e-04
2.679413e+01    1.405997e-04
2.717961e+01    1.355886e-04
2.757063e+01    1.364739e-04
2.796727e+01    1.343726e-04
2.836963e+01    1.321100e-04
2.961175e+01    1.263216e-04
3.003776e+01    1.242203e-04
3.046990e+01    1.224261e-04
3.090825e+01    1.201112e-04
3.135291e+01    1.189541e-04
3.180397e+01    1.172889e-04
3.226152e+01    1.152796e-04
3.272565e+01    1.136256e-04
3.319646e+01    1.115923e-04
3.367404e+01    1.099676e-04
3.415850e+01    1.083078e-04
3.464992e+01    1.068012e-04
3.514841e+01    1.050294e-04
3.616701e+01    1.019179e-04
3.668733e+01    1.004003e-04
3.721514e+01    9.814736e-05
3.775053e+01    9.747938e-05
3.829363e+01    9.576290e-05
3.940338e+01    9.296327e-05
3.997026e+01    9.158156e-05
4.054529e+01    9.033660e-05
4.112860e+01    8.888430e-05
4.232051e+01    8.617666e-05
4.292935e+01    8.485199e-05
4.354696e+01    8.349652e-05
4.480895e+01    8.105375e-05
4.545360e+01    7.979984e-05
4.610751e+01    7.857467e-05
4.744371e+01    7.614514e-05
4.812626e+01    7.497776e-05
4.952096e+01    7.270080e-05
5.095608e+01    7.024193e-05
5.243279e+01    6.836376e-05
5.318712e+01    6.729494e-05
5.551583e+01    6.418813e-05
5.794651e+01    6.128625e-05
5.878016e+01    6.042082e-05
6.048361e+01    5.840867e-05
6.135376e+01    5.751828e-05
6.313180e+01    5.580601e-05
6.684394e+01    5.242338e-05
6.780559e+01    5.157451e-05
6.977060e+01    4.999144e-05
7.077436e+01    4.916953e-05
7.179255e+01    4.740836e-05
7.387310e+01    4.694623e-05
7.601395e+01    4.543374e-05
7.710753e+01    4.475088e-05
8.048356e+01    4.272970e-05
8.164144e+01    4.197217e-05
8.281598e+01    4.132843e-05
8.400741e+01    4.067320e-05
8.521599e+01    4.002269e-05
8.644195e+01    3.934862e-05
8.768555e+01    3.872382e-05
8.894704e+01    3.811326e-05
9.022668e+01    3.748802e-05
9.152473e+01    3.696057e-05
9.284145e+01    3.630984e-05
9.417712e+01    3.572089e-05
9.553200e+01    3.516417e-05
9.830052e+01    3.405286e-05
9.971473e+01    3.351179e-05
1.011493e+02    3.292448e-05
1.040806e+02    3.190601e-05
1.055779e+02    3.136274e-05
1.070968e+02    3.085286e-05
1.117859e+02    2.934141e-05
1.150255e+02    2.839494e-05
1.166803e+02    2.789492e-05
1.200617e+02    2.699435e-05
1.235411e+02    2.609935e-05
1.253184e+02    2.567012e-05
1.289501e+02    2.481348e-05
1.308053e+02    2.437635e-05
1.326871e+02    2.378018e-05
1.345960e+02    2.352648e-05
1.365324e+02    2.314676e-05
1.384966e+02    2.275378e-05
1.425103e+02    2.197114e-05
1.445605e+02    2.158122e-05
1.466402e+02    2.119287e-05
1.487499e+02    2.084656e-05
1.530606e+02    2.012183e-05
1.552627e+02    1.975013e-05
1.574963e+02    1.940693e-05
1.597622e+02    1.905213e-05
1.643921e+02    1.838942e-05
1.691562e+02    1.773980e-05
1.715897e+02    1.738584e-05
1.740583e+02    1.709736e-05
1.765624e+02    1.675992e-05
1.791025e+02    1.646359e-05
1.816792e+02    1.616059e-05
1.842929e+02    1.585463e-05
1.869443e+02    1.556216e-05
1.896337e+02    1.525762e-05
1.923619e+02    1.498241e-05
1.951293e+02    1.469140e-05
1.979366e+02    1.441892e-05
2.007842e+02    1.414173e-05
2.036728e+02    1.385950e-05
2.095752e+02    1.332858e-05
2.156487e+02    1.281103e-05
2.187512e+02    1.255624e-05
2.218982e+02    1.230233e-05
2.283289e+02    1.182332e-05
2.316137e+02    1.158004e-05
2.349458e+02    1.134063e-05
2.383259e+02    1.110688e-05
2.417546e+02    1.088061e-05
2.452326e+02    1.065814e-05
2.487606e+02    1.042507e-05
2.523394e+02    1.020653e-05
2.559697e+02    9.999405e-06
2.633877e+02    9.576847e-06
2.710207e+02    9.165180e-06
2.749198e+02    8.965647e-06
2.828869e+02    8.582177e-06
2.869567e+02    8.387109e-06
2.910850e+02    8.200213e-06
2.952727e+02    8.008493e-06
2.995207e+02    7.838585e-06
3.038297e+02    7.653515e-06
3.082008e+02    7.478450e-06
3.126347e+02    7.309219e-06
3.171325e+02    7.138312e-06
3.216949e+02    6.976105e-06
3.263230e+02    6.812183e-06
3.357798e+02    6.495495e-06
3.406105e+02    6.335521e-06
3.606384e+02    5.573208e-06
3.658267e+02    5.381936e-06
3.710897e+02    5.196086e-06
3.764284e+02    5.017412e-06
3.818439e+02    4.841060e-06
3.873373e+02    4.673686e-06
3.929097e+02    4.507264e-06
3.985624e+02    4.346340e-06
4.042963e+02    4.191369e-06
4.101127e+02    4.041851e-06
4.219978e+02    3.754731e-06
4.280689e+02    3.617460e-06
4.404743e+02    3.354665e-06
4.468112e+02    3.231535e-06
4.532393e+02    3.109776e-06
4.597598e+02    2.991681e-06
4.663742e+02    2.879280e-06
4.730837e+02    2.769379e-06
4.798897e+02    2.662785e-06
4.867937e+02    2.560098e-06
4.937969e+02    2.460746e-06
5.009010e+02    2.363575e-06
5.081072e+02    2.269771e-06
5.154171e+02    2.179786e-06
5.228321e+02    2.093251e-06
5.457236e+02    1.847619e-06
5.535746e+02    1.772011e-06
5.615386e+02    1.697895e-06
5.696172e+02    1.626785e-06
5.778121e+02    1.558812e-06
5.861248e+02    1.493206e-06
5.945571e+02    1.427932e-06
6.031107e+02    1.365968e-06
6.117874e+02    1.306845e-06
6.205889e+02    1.249209e-06
6.295170e+02    1.193909e-06
6.385735e+02    1.140152e-06
6.570794e+02    1.039397e-06
6.665325e+02    9.916857e-07
6.761216e+02    9.455366e-07
6.858486e+02    9.010296e-07
6.957156e+02    8.585473e-07
7.057246e+02    8.176864e-07
7.158775e+02    7.781924e-07
7.261765e+02    7.404383e-07
7.366236e+02    7.041086e-07
7.472211e+02    6.689180e-07
7.579710e+02    6.351536e-07
7.688756e+02    6.033374e-07
7.799371e+02    5.722744e-07
7.911576e+02    5.423843e-07
8.025397e+02    5.142069e-07
8.140854e+02    4.867047e-07
8.257973e+02    4.607815e-07
8.376776e+02    4.353165e-07
8.619536e+02    3.884194e-07
8.743541e+02    3.663301e-07
8.869330e+02    3.453769e-07
8.996929e+02    3.253592e-07
9.126364e+02    3.063850e-07
9.257660e+02    2.879221e-07
9.525948e+02    2.537401e-07
9.662993e+02    2.377273e-07
9.802010e+02    2.226175e-07
9.943027e+02    2.081324e-07
1.008607e+03    1.945493e-07
1.023118e+03    1.813899e-07
1.037837e+03    1.689474e-07
1.052768e+03    1.570930e-07
1.067913e+03    1.459354e-07
1.083277e+03    1.352212e-07
1.114670e+03    1.155594e-07
1.130706e+03    1.065589e-07
1.146973e+03    9.789789e-08
1.163474e+03    8.990409e-08
1.180213e+03    8.223431e-08
1.197192e+03    7.501578e-08
1.214415e+03    6.815177e-08
1.231887e+03    6.176044e-08
1.267587e+03    5.003610e-08
1.285823e+03    4.466938e-08
1.304321e+03    3.963487e-08
1.323086e+03    3.494216e-08
1.342121e+03    3.050224e-08
1.361429e+03    2.635575e-08
1.381015e+03    2.250811e-08
1.400883e+03    1.889253e-08
1.441481e+03    1.239821e-08
1.462219e+03    9.486816e-09
1.504594e+03    4.276633e-09
1.526240e+03    1.988651e-09
1.548197e+03    5.809519e-11
1.570470e+03    0.000000e+00
1.593064e+03    0.000000e+00
1.615983e+03    0.000000e+00
1.639231e+03    0.000000e+00
1.662814e+03    0.000000e+00
1.686736e+03    0.000000e+00
1.711002e+03    0.000000e+00
1.735618e+03    0.000000e+00
1.760587e+03    0.000000e+00
1.785916e+03    0.000000e+00
1.811609e+03    0.000000e+00
1.837672e+03    0.000000e+00
1.864110e+03    0.000000e+00
1.890928e+03    0.000000e+00
1.918132e+03    0.000000e+00
1.945727e+03    0.000000e+00
1.973719e+03    0.000000e+00
2.002114e+03    0.000000e+00
2.030918e+03    0.000000e+00
2.060135e+03    0.000000e+00
2.089774e+03    0.000000e+00
2.119838e+03    0.000000e+00
2.150335e+03    0.000000e+00
2.181271e+03    0.000000e+00
2.212652e+03    0.000000e+00
2.244485e+03    0.000000e+00
2.276775e+03    0.000000e+00
2.309530e+03    0.000000e+00
2.342756e+03    0.000000e+00
2.376460e+03    0.000000e+00
2.410649e+03    0.000000e+00
2.445330e+03    0.000000e+00
2.480510e+03    0.000000e+00
2.516196e+03    0.000000e+00
2.552395e+03    0.000000e+00
2.589115e+03    0.000000e+00
2.626364e+03    0.000000e+00
2.664148e+03    0.000000e+00
2.702476e+03    0.000000e+00
2.741355e+03    0.000000e+00
2.780793e+03    0.000000e+00
2.820799e+03    0.000000e+00
2.861381e+03    0.000000e+00
2.902546e+03    0.000000e+00
2.944304e+03    0.000000e+00
2.986662e+03    0.000000e+00
3.029630e+03    0.000000e+00
3.073216e+03    0.000000e+00
3.117429e+03    0.000000e+00
3.162278e+03    0.000000e+00
