# W [GeV]    S_yy [GeV^-1]
1.000000e+01    1.476567e-03
1.030968e+01    1.408252e-03
1.046809e+01    1.376938e-03
1.062894e+01    1.343538e-03
1.079226e+01    1.312721e-03
1.095810e+01    1.281913e-03
1.112648e+01    1.251275e-03
1.129744e+01    1.223187e-03
1.147104e+01    1.193908e-03
1.200799e+01    1.111464e-03
1.219250e+01    1.085487e-03
1.237985e+01    1.059293e-03
1.257007e+01    1.034609e-03
1.276322e+01    1.009663e-03
1.295934e+01    9.851693e-04
1.315847e+01    9.623673e-04
1.336066e+01    9.390305e-04
1.356595e+01    9.166378e-04
1.377440e+01    8.945269e-04
1.398606e+01    8.728628e-04
1.420097e+01    8.519162e-04
1.441917e+01    8.313588e-04
1.464074e+01    8.112213e-04
1.486570e+01    7.917692e-04
1.509413e+01    7.722529e-04
1.532606e+01    7.534097e-04
1.556155e+01    7.354479e-04
1.580067e+01    7.173044e-04
1.604346e+01    6.997581e-04
1.628998e+01    6.826410e-04
1.654029e+01    6.655714e-04
1.679444e+01    6.495418e-04
1.705250e+01    6.332926e-04
1.731453e+01    6.177455e-04
1.785072e+01    5.873015e-04
1.840351e+01    5.586076e-04
1.868629e+01    5.445416e-04
1.897342e+01    5.308320e-04
1.926496e+01    5.176223e-04
1.956099e+01    5.046323e-04
1.986155e+01    4.918845e-04
2.016674e+01    4.795201e-04
2.079126e+01    4.555970e-04
2.111073e+01    4.441192e-04
2.143512e+01    4.326075e-04
2.176448e+01    4.215595e-04
2.209891e+01    4.109559e-04
2.313334e+01    3.799623e-04
2.421620e+01    3.514418e-04
2.458830e+01    3.422724e-04
2.496612e+01    3.332898e-04
2.534974e+01    3.246834e-04
2.613476e+01    3.079880e-04
2.653634e+01    2.998601e-04
2.694409e+01    2.921294e-04
2.735811e+01    2.842251e-04
2.777849e+01    2.767672e-04
2.820533e+01    2.694925e-04
2.863872e+01    2.622772e-04
2.907878e+01    2.553262e-04
2.952560e+01    2.484672e-04
2.997928e+01    2.419265e-04
3.043993e+01    2.355120e-04
3.090767e+01    2.292021e-04
3.138259e+01    2.229921e-04
3.186480e+01    2.169638e-04
3.285158e+01    2.054232e-04
3.335637e+01    1.997939e-04
3.386892e+01    1.943804e-04
3.438934e+01    1.891006e-04
3.491776e+01    1.839813e-04
3.599908e+01    1.739466e-04
3.655223e+01    1.691691e-04
3.711389e+01    1.644997e-04
3.826321e+01    1.554911e-04
3.885116e+01    1.512347e-04
4.005429e+01    1.428496e-04
4.129467e+01    1.349655e-04
4.192920e+01    1.311552e-04
4.257347e+01    1.274888e-04
4.389187e+01    1.203515e-04
4.456630e+01    1.168690e-04
4.525110e+01    1.136008e-04
4.665242e+01    1.071707e-04
4.736927e+01    1.040689e-04
4.809713e+01    1.010605e-04
4.958659e+01    9.528075e-05
5.034853e+01    9.251620e-05
5.112217e+01    8.984545e-05
5.190770e+01    8.714402e-05
5.351516e+01    8.216662e-05
5.433746e+01    7.971534e-05
5.517240e+01    7.735118e-05
5.602016e+01    7.504857e-05
5.688096e+01    7.285231e-05
5.775498e+01    7.063145e-05
5.864242e+01    6.854596e-05
5.954351e+01    6.646181e-05
6.045844e+01    6.444704e-05
6.138743e+01    6.250162e-05
6.328846e+01    5.875828e-05
6.426093e+01    5.698293e-05
6.524835e+01    5.522230e-05
6.625094e+01    5.352523e-05
6.726894e+01    5.186245e-05
6.830258e+01    5.027859e-05
6.935210e+01    4.870270e-05
7.041775e+01    4.717565e-05
7.149977e+01    4.570533e-05
7.259842e+01    4.428304e-05
7.371395e+01    4.289883e-05
7.484662e+01    4.151506e-05
7.599669e+01    4.021401e-05
7.716444e+01    3.894357e-05
7.835013e+01    3.769796e-05
7.955404e+01    3.647783e-05
8.077645e+01    3.530888e-05
8.201764e+01    3.416334e-05
8.327791e+01    3.306920e-05
8.455754e+01    3.198143e-05
8.585683e+01    3.094276e-05
8.717608e+01    2.993452e-05
8.851561e+01    2.894267e-05
8.987572e+01    2.798409e-05
9.125673e+01    2.707085e-05
9.408273e+01    2.529396e-05
9.552839e+01    2.442256e-05
9.699626e+01    2.362073e-05
9.848668e+01    2.282041e-05
1.000000e+02    2.203767e-05
1.030968e+02    2.056359e-05
1.062894e+02    1.916961e-05
1.079226e+02    1.849769e-05
1.095810e+02    1.785533e-05
1.112648e+02    1.723757e-05
1.164730e+02    1.547393e-05
1.182627e+02    1.492598e-05
1.200799e+02    1.438928e-05
1.219250e+02    1.387014e-05
1.237985e+02    1.336435e-05
1.257007e+02    1.288442e-05
1.276322e+02    1.241052e-05
1.295934e+02    1.195860e-05
1.315847e+02    1.152095e-05
1.336066e+02    1.109550e-05
1.356595e+02    1.068155e-05
1.377440e+02    1.028168e-05
1.398606e+02    9.892070e-06
1.420097e+02    9.522856e-06
1.441917e+02    9.162067e-06
1.464074e+02    8.811037e-06
1.486570e+02    8.474376e-06
1.509413e+02    8.148820e-06
1.532606e+02    7.831061e-06
1.556155e+02    7.527712e-06
1.580067e+02    7.232300e-06
1.604346e+02    6.945303e-06
1.628998e+02    6.669093e-06
1.654029e+02    6.406161e-06
1.679444e+02    6.149096e-06
1.705250e+02    5.898705e-06
1.731453e+02    5.662144e-06
1.812501e+02    4.993037e-06
1.840351e+02    4.784250e-06
1.868629e+02    4.586309e-06
1.897342e+02    4.392361e-06
1.926496e+02    4.207429e-06
1.956099e+02    4.027920e-06
2.016674e+02    3.689391e-06
2.047662e+02    3.528616e-06
2.079126e+02    3.375456e-06
2.111073e+02    3.227292e-06
2.143512e+02    3.083773e-06
2.176448e+02    2.945927e-06
2.209891e+02    2.813175e-06
2.243848e+02    2.686728e-06
2.278326e+02    2.564504e-06
2.313334e+02    2.447660e-06
2.348881e+02    2.334504e-06
2.384973e+02    2.225392e-06
2.421620e+02    2.121946e-06
2.458830e+02    2.021951e-06
2.496612e+02    1.924946e-06
2.534974e+02    1.833666e-06
2.573926e+02    1.744789e-06
2.613476e+02    1.659658e-06
2.653634e+02    1.577968e-06
2.694409e+02    1.500750e-06
2.735811e+02    1.425667e-06
2.863872e+02    1.219930e-06
2.907878e+02    1.156961e-06
2.952560e+02    1.097044e-06
2.997928e+02    1.039478e-06
3.090767e+02    9.321874e-07
3.138259e+02    8.818250e-07
3.186480e+02    8.342070e-07
3.235443e+02    7.884946e-07
3.285158e+02    7.447449e-07
3.386892e+02    6.634908e-07
3.438934e+02    6.257332e-07
3.491776e+02    5.898386e-07
3.545430e+02    5.555592e-07
3.655223e+02    4.919578e-07
3.711389e+02    4.625725e-07
3.768417e+02    4.346289e-07
3.826321e+02    4.080327e-07
3.885116e+02    3.827523e-07
3.944814e+02    3.590233e-07
4.005429e+02    3.362657e-07
4.129467e+02    2.942937e-07
4.192920e+02    2.751772e-07
4.322765e+02    2.396921e-07
4.389187e+02    2.233051e-07
4.456630e+02    2.080156e-07
4.525110e+02    1.935442e-07
4.594642e+02    1.798994e-07
4.736927e+02    1.549265e-07
4.809713e+02    1.435069e-07
4.883618e+02    1.328385e-07
4.958659e+02    1.228386e-07
5.034853e+02    1.133772e-07
5.112217e+02    1.044790e-07
5.190770e+02    9.624104e-08
5.270530e+02    8.845456e-08
5.351516e+02    8.116216e-08
5.433746e+02    7.444600e-08
5.517240e+02    6.815549e-08
5.602016e+02    6.224318e-08
5.688096e+02    5.676133e-08
5.775498e+02    5.165041e-08
5.864242e+02    4.691666e-08
5.954351e+02    4.250375e-08
6.045844e+02    3.843845e-08
6.138743e+02    3.468811e-08
6.233070e+02    3.121507e-08
6.328846e+02    2.801228e-08
6.426093e+02    2.506452e-08
6.524835e+02    2.237503e-08
6.625094e+02    1.989240e-08
6.726894e+02    1.762667e-08
6.830258e+02    1.556926e-08
7.041775e+02    1.198939e-08
7.149977e+02    1.044542e-08
7.259842e+02    9.061980e-09
7.371395e+02    7.819202e-09
7.484662e+02    6.705658e-09
7.599669e+02    5.716709e-09
7.716444e+02    4.841413e-09
7.835013e+02    4.070896e-09
8.077645e+02    2.808740e-09
8.201764e+02    2.302304e-09
8.327791e+02    1.868336e-09
8.455754e+02    1.499003e-09
8.585683e+02    1.188915e-09
8.851561e+02    7.178014e-10
8.987572e+02    5.451898e-10
9.125673e+02    4.065262e-10
9.265896e+02    2.972853e-10
9.408273e+02    2.124688e-10
9.552839e+02    1.482673e-10
9.699626e+02    1.005193e-10
9.848668e+02    6.596022e-11
1.000000e+03    4.165353e-11
