# W [GeV]    S_yy [GeV^-1]
1.000000e+01    3.270697e-04
1.008598e+01    3.243265e-04
1.017271e+01    3.215893e-04
1.034840e+01    3.153517e-04
1.043737e+01    3.130310e-04
1.052712e+01    3.095285e-04
1.061763e+01    3.068583e-04
1.070893e+01    3.041279e-04
1.080101e+01    3.004076e-04
1.089388e+01    2.982744e-04
1.098755e+01    2.956857e-04
1.108202e+01    2.928788e-04
1.117731e+01    2.900211e-04
1.127342e+01    2.872811e-04
1.137035e+01    2.841686e-04
1.156672e+01    2.794975e-04
1.166618e+01    2.767026e-04
1.176649e+01    2.741536e-04
1.186766e+01    2.718048e-04
1.196970e+01    2.688074e-04
1.207262e+01    2.669117e-04
1.217643e+01    2.639429e-04
1.228112e+01    2.615585e-04
1.238672e+01    2.595310e-04
1.249323e+01    2.569478e-04
1.270899e+01    2.521314e-04
1.281827e+01    2.496640e-04
1.292848e+01    2.474576e-04
1.303965e+01    2.449562e-04
1.315177e+01    2.425853e-04
1.349394e+01    2.358129e-04
1.360997e+01    2.338002e-04
1.372699e+01    2.316676e-04
1.384502e+01    2.294855e-04
1.408413e+01    2.249939e-04
1.420523e+01    2.228318e-04
1.432738e+01    2.207461e-04
1.457482e+01    2.167136e-04
1.495402e+01    2.106511e-04
1.508260e+01    2.087429e-04
1.521228e+01    2.067987e-04
1.534309e+01    2.048365e-04
1.574227e+01    1.988913e-04
1.601415e+01    1.952700e-04
1.615185e+01    1.932196e-04
1.629073e+01    1.917278e-04
1.643080e+01    1.897356e-04
1.657208e+01    1.879906e-04
1.671457e+01    1.861727e-04
1.685829e+01    1.840419e-04
1.700324e+01    1.826781e-04
1.714944e+01    1.808416e-04
1.729690e+01    1.790417e-04
1.774692e+01    1.741262e-04
1.789952e+01    1.723720e-04
1.805342e+01    1.705228e-04
1.852313e+01    1.659095e-04
1.868239e+01    1.642746e-04
1.884303e+01    1.625388e-04
1.900505e+01    1.612746e-04
1.916846e+01    1.595011e-04
1.933328e+01    1.579518e-04
1.949951e+01    1.564105e-04
1.966718e+01    1.550965e-04
1.983628e+01    1.533126e-04
2.000684e+01    1.518485e-04
2.017887e+01    1.501903e-04
2.052737e+01    1.476192e-04
2.070387e+01    1.459403e-04
2.124254e+01    1.418289e-04
2.142519e+01    1.404995e-04
2.160941e+01    1.390630e-04
2.179521e+01    1.375466e-04
2.198262e+01    1.363906e-04
2.236227e+01    1.337051e-04
2.255455e+01    1.324597e-04
2.274848e+01    1.309913e-04
2.294408e+01    1.297434e-04
2.314136e+01    1.284611e-04
2.334034e+01    1.272515e-04
2.354103e+01    1.259214e-04
2.374344e+01    1.247328e-04
2.415350e+01    1.222051e-04
2.478192e+01    1.186198e-04
2.499500e+01    1.173755e-04
2.520992e+01    1.161941e-04
2.542668e+01    1.150754e-04
2.564531e+01    1.138290e-04
2.586582e+01    1.127962e-04
2.608822e+01    1.116621e-04
2.631254e+01    1.104782e-04
2.653878e+01    1.094209e-04
2.676697e+01    1.081879e-04
2.699712e+01    1.071552e-04
2.722925e+01    1.060128e-04
2.793769e+01    1.028505e-04
2.817791e+01    1.017815e-04
2.842019e+01    1.007763e-04
2.866456e+01    9.973297e-05
2.891103e+01    9.864603e-05
2.915961e+01    9.761955e-05
2.941034e+01    9.661781e-05
2.966322e+01    9.572229e-05
2.991827e+01    9.473426e-05
3.043498e+01    9.270838e-05
3.069667e+01    9.179619e-05
3.096061e+01    9.071923e-05
3.122682e+01    8.982007e-05
3.149532e+01    8.895329e-05
3.176613e+01    8.788178e-05
3.203926e+01    8.704327e-05
3.231475e+01    8.605148e-05
3.259260e+01    8.517272e-05
3.287285e+01    8.428767e-05
3.315550e+01    8.331220e-05
3.431062e+01    7.993221e-05
3.460564e+01    7.900989e-05
3.490319e+01    7.814648e-05
3.520330e+01    7.728389e-05
3.550599e+01    7.644691e-05
3.581128e+01    7.564751e-05
3.611920e+01    7.484534e-05
3.642976e+01    7.402593e-05
3.769896e+01    7.074644e-05
3.802311e+01    6.996305e-05
3.835004e+01    6.922469e-05
3.867979e+01    6.844395e-05
3.901237e+01    6.774504e-05
3.934782e+01    6.696310e-05
3.968614e+01    6.615646e-05
4.037155e+01    6.473237e-05
4.071868e+01    6.399600e-05
4.106879e+01    6.327734e-05
4.142191e+01    6.248626e-05
4.213730e+01    6.107826e-05
4.249961e+01    6.038327e-05
4.286503e+01    5.968609e-05
4.323360e+01    5.898129e-05
4.360534e+01    5.833016e-05
4.398027e+01    5.770207e-05
4.435843e+01    5.698998e-05
4.473984e+01    5.630624e-05
4.512453e+01    5.561357e-05
4.629856e+01    5.368517e-05
4.669665e+01    5.303061e-05
4.709816e+01    5.242517e-05
4.750313e+01    5.177195e-05
4.791158e+01    5.117341e-05
4.832354e+01    5.056352e-05
4.873904e+01    4.994523e-05
4.915812e+01    4.935345e-05
4.958080e+01    4.874780e-05
5.000711e+01    4.816028e-05
5.043709e+01    4.757147e-05
5.087076e+01    4.697173e-05
5.130817e+01    4.636822e-05
5.174933e+01    4.579721e-05
5.219429e+01    4.520581e-05
5.264308e+01    4.469947e-05
5.355226e+01    4.355696e-05
5.401272e+01    4.300963e-05
5.447714e+01    4.249587e-05
5.494555e+01    4.194064e-05
5.541799e+01    4.139277e-05
5.589450e+01    4.089630e-05
5.637510e+01    4.034166e-05
5.734873e+01    3.928439e-05
5.784184e+01    3.878688e-05
5.833918e+01    3.828085e-05
5.934673e+01    3.729760e-05
6.037169e+01    3.633724e-05
6.089079e+01    3.584098e-05
6.141435e+01    3.532919e-05
6.194241e+01    3.485179e-05
6.247501e+01    3.439751e-05
6.355400e+01    3.348618e-05
6.465161e+01    3.259335e-05
6.520751e+01    3.212937e-05
6.576819e+01    3.170376e-05
6.633369e+01    3.124679e-05
6.690405e+01    3.082122e-05
6.747931e+01    3.038634e-05
6.805952e+01    2.997159e-05
6.864472e+01    2.955105e-05
6.923495e+01    2.912972e-05
6.983026e+01    2.872603e-05
7.043068e+01    2.831305e-05
7.103627e+01    2.792100e-05
7.164707e+01    2.751499e-05
7.226311e+01    2.711338e-05
7.288446e+01    2.672361e-05
7.351114e+01    2.630986e-05
7.414322e+01    2.590841e-05
7.478073e+01    2.551862e-05
7.542372e+01    2.500224e-05
7.607224e+01    2.450451e-05
7.672633e+01    2.399955e-05
7.738605e+01    2.350859e-05
7.805145e+01    2.303211e-05
7.939944e+01    2.209654e-05
8.008215e+01    2.163500e-05
8.077072e+01    2.118648e-05
8.146522e+01    2.074476e-05
8.216568e+01    2.031593e-05
8.287217e+01    1.988975e-05
8.358474e+01    1.946410e-05
8.430343e+01    1.906098e-05
8.502830e+01    1.866119e-05
8.649679e+01    1.787131e-05
8.724052e+01    1.749010e-05
8.799065e+01    1.710673e-05
8.874722e+01    1.674695e-05
8.951030e+01    1.638815e-05
9.105620e+01    1.567899e-05
9.183913e+01    1.534183e-05
9.262880e+01    1.499787e-05
9.342525e+01    1.467879e-05
9.422856e+01    1.434643e-05
9.503877e+01    1.403405e-05
9.585594e+01    1.371763e-05
9.668015e+01    1.341163e-05
9.751144e+01    1.311375e-05
9.834987e+01    1.281253e-05
9.919552e+01    1.252600e-05
1.017763e+02    1.168697e-05
1.044243e+02    1.090350e-05
1.053222e+02    1.065234e-05
1.062278e+02    1.040286e-05
1.071412e+02    1.016468e-05
1.080624e+02    9.920799e-06
1.089916e+02    9.687565e-06
1.099287e+02    9.455531e-06
1.108739e+02    9.232028e-06
1.118272e+02    9.012601e-06
1.127888e+02    8.794244e-06
1.137586e+02    8.580123e-06
1.147367e+02    8.376285e-06
1.157233e+02    8.167544e-06
1.167183e+02    7.970770e-06
1.177219e+02    7.771793e-06
1.187341e+02    7.585436e-06
1.197550e+02    7.400010e-06
1.207847e+02    7.212256e-06
1.218232e+02    7.033501e-06
1.239272e+02    6.683363e-06
1.249928e+02    6.510946e-06
1.260675e+02    6.342325e-06
1.271515e+02    6.181280e-06
1.282448e+02    6.023922e-06
1.293475e+02    5.867504e-06
1.315814e+02    5.570181e-06
1.327128e+02    5.421782e-06
1.350048e+02    5.137290e-06
1.361656e+02    5.001214e-06
1.373364e+02    4.863411e-06
1.385173e+02    4.735179e-06
1.397083e+02    4.607895e-06
1.409096e+02    4.481042e-06
1.433432e+02    4.239259e-06
1.458188e+02    4.006514e-06
1.470726e+02    3.894096e-06
1.483372e+02    3.785371e-06
1.521965e+02    3.469813e-06
1.535052e+02    3.368168e-06
1.548251e+02    3.271766e-06
1.561563e+02    3.176073e-06
1.588532e+02    2.991253e-06
1.602191e+02    2.903364e-06
1.615967e+02    2.816397e-06
1.643876e+02    2.648888e-06
1.658011e+02    2.567868e-06
1.672267e+02    2.488274e-06
1.686645e+02    2.410413e-06
1.701148e+02    2.334371e-06
1.715775e+02    2.262142e-06
1.730528e+02    2.190759e-06
1.745407e+02    2.120012e-06
1.760415e+02    2.051848e-06
1.775552e+02    1.986726e-06
1.790819e+02    1.921162e-06
1.806217e+02    1.858045e-06
1.821747e+02    1.795745e-06
1.837411e+02    1.737084e-06
1.869144e+02    1.621839e-06
1.885216e+02    1.565398e-06
1.901426e+02    1.511443e-06
1.917775e+02    1.459047e-06
1.934265e+02    1.408300e-06
1.950896e+02    1.358552e-06
1.967671e+02    1.309299e-06
1.984589e+02    1.262845e-06
2.001653e+02    1.217059e-06
2.018864e+02    1.171573e-06
2.036223e+02    1.128825e-06
2.053731e+02    1.086698e-06
2.071390e+02    1.045698e-06
2.107164e+02    9.667929e-07
2.125283e+02    9.287927e-07
2.143556e+02    8.923459e-07
2.161987e+02    8.567452e-07
2.180577e+02    8.221284e-07
2.199326e+02    7.889518e-07
2.218237e+02    7.561851e-07
2.237310e+02    7.247979e-07
2.256547e+02    6.940391e-07
2.335164e+02    5.808223e-07
2.355243e+02    5.542464e-07
2.375494e+02    5.293276e-07
2.395920e+02    5.043952e-07
2.416520e+02    4.805160e-07
2.437299e+02    4.578045e-07
2.458255e+02    4.348435e-07
2.479392e+02    4.137441e-07
2.522213e+02    3.726518e-07
2.543900e+02    3.522903e-07
2.565773e+02    3.339106e-07
2.610086e+02    2.982017e-07
2.632528e+02    2.814260e-07
2.655164e+02    2.651718e-07
2.677994e+02    2.493065e-07
2.701020e+02    2.339896e-07
2.724244e+02    2.193417e-07
2.771294e+02    1.914366e-07
2.795122e+02    1.784243e-07
2.819156e+02    1.657070e-07
2.843396e+02    1.536471e-07
2.867844e+02    1.418737e-07
2.892503e+02    1.306835e-07
2.917374e+02    1.198143e-07
2.942458e+02    1.094878e-07
2.993276e+02    8.990460e-08
3.019014e+02    8.047751e-08
3.071154e+02    6.350173e-08
3.097561e+02    5.562623e-08
3.124195e+02    4.789973e-08
3.151058e+02    4.031092e-08
3.178152e+02    3.367960e-08
3.233040e+02    2.079042e-08
3.260839e+02    1.488178e-08
3.317156e+02    4.325445e-09
3.345678e+02    8.145620e-11
3.374445e+02    0.000000e+00
3.403460e+02    0.000000e+00
3.432724e+02    0.000000e+00
3.462240e+02    0.000000e+00
3.492009e+02    0.000000e+00
3.522035e+02    0.000000e+00
3.552319e+02    0.000000e+00
3.582863e+02    0.000000e+00
3.613669e+02    0.000000e+00
3.644741e+02    0.000000e+00
3.676080e+02    0.000000e+00
3.707688e+02    0.000000e+00
3.739568e+02    0.000000e+00
3.771722e+02    0.000000e+00
3.804153e+02    0.000000e+00
3.836862e+02    0.000000e+00
3.869853e+02    0.000000e+00
3.903127e+02    0.000000e+00
3.936688e+02    0.000000e+00
3.970537e+02    0.000000e+00
4.004677e+02    0.000000e+00
4.039110e+02    0.000000e+00
4.073840e+02    0.000000e+00
4.108868e+02    0.000000e+00
4.144198e+02    0.000000e+00
4.179831e+02    0.000000e+00
4.215771e+02    0.000000e+00
4.252019e+02    0.000000e+00
4.288580e+02    0.000000e+00
4.325454e+02    0.000000e+00
4.362646e+02    0.000000e+00
4.400158e+02    0.000000e+00
4.437992e+02    0.000000e+00
4.476151e+02    0.000000e+00
4.514639e+02    0.000000e+00
4.553457e+02    0.000000e+00
4.592610e+02    0.000000e+00
4.632098e+02    0.000000e+00
4.671927e+02    0.000000e+00
4.712098e+02    0.000000e+00
4.752614e+02    0.000000e+00
4.793479e+02    0.000000e+00
4.834695e+02    0.000000e+00
4.876265e+02    0.000000e+00
4.918193e+02    0.000000e+00
4.960481e+02    0.000000e+00
5.003133e+02    0.000000e+00
5.046152e+02    0.000000e+00
5.089540e+02    0.000000e+00
5.133302e+02    0.000000e+00
5.177440e+02    0.000000e+00
5.221958e+02    0.000000e+00
5.266858e+02    0.000000e+00
5.312144e+02    0.000000e+00
5.357820e+02    0.000000e+00
5.403888e+02    0.000000e+00
5.450353e+02    0.000000e+00
5.497217e+02    0.000000e+00
5.544484e+02    0.000000e+00
5.592157e+02    0.000000e+00
5.640240e+02    0.000000e+00
5.688737e+02    0.000000e+00
5.737651e+02    0.000000e+00
5.786985e+02    0.000000e+00
5.836744e+02    0.000000e+00
5.886930e+02    0.000000e+00
5.937548e+02    0.000000e+00
5.988601e+02    0.000000e+00
6.040093e+02    0.000000e+00
6.092028e+02    0.000000e+00
6.144410e+02    0.000000e+00
6.197241e+02    0.000000e+00
6.250527e+02    0.000000e+00
6.304272e+02    0.000000e+00
6.358478e+02    0.000000e+00
6.413150e+02    0.000000e+00
6.468293e+02    0.000000e+00
6.523910e+02    0.000000e+00
6.580004e+02    0.000000e+00
6.636582e+02    0.000000e+00
6.693645e+02    0.000000e+00
6.751200e+02    0.000000e+00
6.809249e+02    0.000000e+00
6.867797e+02    0.000000e+00
6.926849e+02    0.000000e+00
6.986408e+02    0.000000e+00
7.046480e+02    0.000000e+00
7.107068e+02    0.000000e+00
7.168177e+02    0.000000e+00
7.229812e+02    0.000000e+00
7.291976e+02    0.000000e+00
7.354675e+02    0.000000e+00
7.417913e+02    0.000000e+00
7.481695e+02    0.000000e+00
