# W [GeV]    S_yy [GeV^-1]
1.000000e+01    7.265875e-04
1.011493e+01    7.145586e-04
1.023118e+01    7.042252e-04
1.046770e+01    6.818253e-04
1.058800e+01    6.721706e-04
1.070968e+01    6.609545e-04
1.083277e+01    6.522910e-04
1.095727e+01    6.413600e-04
1.108320e+01    6.309769e-04
1.121057e+01    6.218463e-04
1.133941e+01    6.134993e-04
1.160155e+01    5.935206e-04
1.186975e+01    5.752035e-04
1.200617e+01    5.665434e-04
1.214415e+01    5.570049e-04
1.228372e+01    5.499717e-04
1.242490e+01    5.405489e-04
1.256769e+01    5.310526e-04
1.271213e+01    5.236000e-04
1.285823e+01    5.161135e-04
1.315548e+01    4.998560e-04
1.330667e+01    4.909237e-04
1.345960e+01    4.826596e-04
1.361429e+01    4.753161e-04
1.377076e+01    4.682383e-04
1.392902e+01    4.612141e-04
1.408910e+01    4.528893e-04
1.425103e+01    4.458487e-04
1.458048e+01    4.322979e-04
1.474805e+01    4.243473e-04
1.491754e+01    4.182704e-04
1.508899e+01    4.110378e-04
1.526240e+01    4.046546e-04
1.543781e+01    3.979919e-04
1.561523e+01    3.920245e-04
1.579469e+01    3.865528e-04
1.615983e+01    3.729338e-04
1.634555e+01    3.673176e-04
1.653340e+01    3.613660e-04
1.672342e+01    3.554830e-04
1.691562e+01    3.495947e-04
1.711002e+01    3.438191e-04
1.730667e+01    3.385514e-04
1.750557e+01    3.329960e-04
1.770675e+01    3.273743e-04
1.791025e+01    3.220642e-04
1.811609e+01    3.167904e-04
1.832430e+01    3.109204e-04
1.853489e+01    3.064344e-04
1.896337e+01    2.957360e-04
1.940176e+01    2.858943e-04
1.962474e+01    2.810488e-04
2.007842e+01    2.722743e-04
2.030918e+01    2.680650e-04
2.054258e+01    2.629595e-04
2.077868e+01    2.586490e-04
2.101748e+01    2.540216e-04
2.125903e+01    2.500478e-04
2.150335e+01    2.456890e-04
2.175049e+01    2.413962e-04
2.200046e+01    2.376164e-04
2.225331e+01    2.338662e-04
2.250906e+01    2.297695e-04
2.276775e+01    2.252640e-04
2.302941e+01    2.219909e-04
2.329409e+01    2.181280e-04
2.356180e+01    2.142342e-04
2.383259e+01    2.105124e-04
2.410649e+01    2.070927e-04
2.438354e+01    2.032955e-04
2.466378e+01    2.000316e-04
2.494723e+01    1.960485e-04
2.523394e+01    1.928781e-04
2.552395e+01    1.897581e-04
2.611400e+01    1.833630e-04
2.641412e+01    1.795615e-04
2.671770e+01    1.767103e-04
2.702476e+01    1.736282e-04
2.733535e+01    1.707081e-04
2.764950e+01    1.674412e-04
2.796727e+01    1.645299e-04
2.828869e+01    1.617042e-04
2.861381e+01    1.590316e-04
2.894266e+01    1.560277e-04
2.927529e+01    1.531704e-04
2.995207e+01    1.477932e-04
3.029630e+01    1.451593e-04
3.064449e+01    1.425918e-04
3.099668e+01    1.402806e-04
3.135291e+01    1.372315e-04
3.171325e+01    1.350664e-04
3.207772e+01    1.326506e-04
3.244638e+01    1.301393e-04
3.281928e+01    1.278543e-04
3.319646e+01    1.255031e-04
3.357798e+01    1.235204e-04
3.435422e+01    1.186537e-04
3.474905e+01    1.165028e-04
3.514841e+01    1.147079e-04
3.555236e+01    1.123351e-04
3.637425e+01    1.082690e-04
3.679229e+01    1.062673e-04
3.721514e+01    1.041732e-04
3.764284e+01    1.025056e-04
3.807546e+01    1.003505e-04
3.851305e+01    9.852214e-05
3.895567e+01    9.678391e-05
3.940338e+01    9.495958e-05
3.985624e+01    9.318915e-05
4.031429e+01    9.132857e-05
4.077762e+01    8.957202e-05
4.124626e+01    8.798828e-05
4.172030e+01    8.639515e-05
4.219978e+01    8.451365e-05
4.268477e+01    8.297523e-05
4.317534e+01    8.158284e-05
4.367154e+01    7.991701e-05
4.417345e+01    7.828512e-05
4.468112e+01    7.691588e-05
4.519463e+01    7.554002e-05
4.623942e+01    7.254562e-05
4.677084e+01    7.114011e-05
4.730837e+01    6.976665e-05
4.785207e+01    6.828335e-05
4.840202e+01    6.702936e-05
4.895830e+01    6.560921e-05
4.952096e+01    6.433235e-05
5.009010e+01    6.316749e-05
5.066577e+01    6.196984e-05
5.124806e+01    6.080372e-05
5.183704e+01    5.937071e-05
5.303539e+01    5.708216e-05
5.364491e+01    5.598791e-05
5.426144e+01    5.472145e-05
5.488505e+01    5.374120e-05
5.551583e+01    5.264454e-05
5.615386e+01    5.156077e-05
5.679923e+01    5.050719e-05
5.745201e+01    4.955482e-05
5.811229e+01    4.857676e-05
5.945571e+01    4.650672e-05
6.013902e+01    4.562565e-05
6.083018e+01    4.463532e-05
6.152929e+01    4.374148e-05
6.223643e+01    4.285155e-05
6.295170e+01    4.193221e-05
6.367519e+01    4.102357e-05
6.440699e+01    4.021278e-05
6.589593e+01    3.860596e-05
6.665325e+01    3.770700e-05
6.741928e+01    3.689744e-05
6.819412e+01    3.617546e-05
6.897785e+01    3.539501e-05
6.977060e+01    3.459735e-05
7.057246e+01    3.391880e-05
7.138353e+01    3.314024e-05
7.220392e+01    3.245648e-05
7.303375e+01    3.173085e-05
7.387310e+01    3.106848e-05
7.472211e+01    3.044129e-05
7.558087e+01    2.975046e-05
7.644951e+01    2.904948e-05
7.732812e+01    2.846448e-05
7.821684e+01    2.781665e-05
7.911576e+01    2.722271e-05
8.002502e+01    2.660957e-05
8.094473e+01    2.598253e-05
8.187501e+01    2.542597e-05
8.281598e+01    2.487535e-05
8.376776e+01    2.429413e-05
8.473049e+01    2.377314e-05
8.570427e+01    2.322388e-05
8.668925e+01    2.270851e-05
8.768555e+01    2.219643e-05
8.869330e+01    2.167574e-05
8.971263e+01    2.113969e-05
9.074368e+01    2.071091e-05
9.178657e+01    2.021919e-05
9.284145e+01    1.973599e-05
9.390846e+01    1.929940e-05
9.498773e+01    1.886682e-05
9.607940e+01    1.843439e-05
9.718362e+01    1.797145e-05
9.830052e+01    1.755812e-05
9.943027e+01    1.712325e-05
1.005730e+02    1.674515e-05
1.017289e+02    1.632683e-05
1.028980e+02    1.594487e-05
1.040806e+02    1.557009e-05
1.052768e+02    1.515673e-05
1.064867e+02    1.481850e-05
1.077105e+02    1.447166e-05
1.089484e+02    1.412240e-05
1.102005e+02    1.376632e-05
1.127481e+02    1.310367e-05
1.140439e+02    1.277418e-05
1.153546e+02    1.245289e-05
1.180213e+02    1.182584e-05
1.193777e+02    1.153001e-05
1.207496e+02    1.126746e-05
1.221374e+02    1.097244e-05
1.235411e+02    1.069560e-05
1.249609e+02    1.043066e-05
1.278497e+02    9.882498e-06
1.293191e+02    9.640147e-06
1.308053e+02    9.384443e-06
1.323086e+02    9.127913e-06
1.338292e+02    8.905743e-06
1.353673e+02    8.676558e-06
1.369230e+02    8.437950e-06
1.384966e+02    8.218156e-06
1.400883e+02    8.003442e-06
1.416983e+02    7.776091e-06
1.433268e+02    7.567787e-06
1.449741e+02    7.375346e-06
1.466402e+02    7.167607e-06
1.483255e+02    6.970085e-06
1.500302e+02    6.777790e-06
1.517545e+02    6.591332e-06
1.534985e+02    6.416041e-06
1.552627e+02    6.226641e-06
1.588520e+02    5.889854e-06
1.606776e+02    5.729689e-06
1.625242e+02    5.551391e-06
1.643921e+02    5.405008e-06
1.662814e+02    5.254832e-06
1.681924e+02    5.093997e-06
1.701254e+02    4.945735e-06
1.720806e+02    4.808985e-06
1.740583e+02    4.669662e-06
1.760587e+02    4.521254e-06
1.780821e+02    4.399760e-06
1.801288e+02    4.262608e-06
1.821990e+02    4.134130e-06
1.842929e+02    4.014182e-06
1.864110e+02    3.898016e-06
1.885533e+02    3.774069e-06
1.907203e+02    3.658281e-06
1.929122e+02    3.544827e-06
1.951293e+02    3.435123e-06
1.973719e+02    3.331461e-06
1.996403e+02    3.221551e-06
2.019347e+02    3.124337e-06
2.042555e+02    3.028369e-06
2.066029e+02    2.930457e-06
2.089774e+02    2.833936e-06
2.113791e+02    2.744278e-06
2.138084e+02    2.656277e-06
2.162657e+02    2.568500e-06
2.212652e+02    2.403644e-06
2.238082e+02    2.327249e-06
2.263803e+02    2.243737e-06
2.289821e+02    2.172860e-06
2.316137e+02    2.099247e-06
2.342756e+02    2.026840e-06
2.369681e+02    1.955537e-06
2.396915e+02    1.889830e-06
2.424462e+02    1.823365e-06
2.452326e+02    1.760223e-06
2.480510e+02    1.697985e-06
2.509018e+02    1.637140e-06
2.537853e+02    1.581928e-06
2.567020e+02    1.521553e-06
2.596522e+02    1.467713e-06
2.626364e+02    1.416433e-06
2.656548e+02    1.363247e-06
2.687079e+02    1.312505e-06
2.717961e+02    1.265969e-06
2.749198e+02    1.216257e-06
2.780793e+02    1.170316e-06
2.812752e+02    1.127439e-06
2.845079e+02    1.084200e-06
2.877777e+02    1.040651e-06
2.910850e+02    9.997743e-07
2.944304e+02    9.612101e-07
2.978142e+02    9.239394e-07
3.012369e+02    8.857490e-07
3.046990e+02    8.506874e-07
3.082008e+02    8.172216e-07
3.117429e+02    7.821836e-07
3.153257e+02    7.506997e-07
3.189496e+02    7.207165e-07
3.226152e+02    6.905711e-07
3.263230e+02    6.609325e-07
3.300733e+02    6.323836e-07
3.338668e+02    6.054599e-07
3.377038e+02    5.796862e-07
3.415850e+02    5.540204e-07
3.455107e+02    5.288116e-07
3.494816e+02    5.065897e-07
3.534981e+02    4.828910e-07
3.575608e+02    4.612884e-07
3.616701e+02    4.400755e-07
3.658267e+02    4.199482e-07
3.742838e+02    3.812316e-07
3.785853e+02    3.631833e-07
3.829363e+02    3.458105e-07
3.873373e+02    3.291043e-07
3.917889e+02    3.128177e-07
3.962916e+02    2.978899e-07
4.008461e+02    2.824045e-07
4.054529e+02    2.683627e-07
4.101127e+02    2.546256e-07
4.148260e+02    2.412906e-07
4.195935e+02    2.285454e-07
4.244158e+02    2.165143e-07
4.292935e+02    2.050720e-07
4.342273e+02    1.939276e-07
4.392178e+02    1.833558e-07
4.442656e+02    1.730228e-07
4.493714e+02    1.635614e-07
4.545360e+02    1.542732e-07
4.597598e+02    1.455696e-07
4.650437e+02    1.368697e-07
4.703884e+02    1.290316e-07
4.867937e+02    1.069583e-07
4.923883e+02    1.002555e-07
4.980472e+02    9.392330e-08
5.037711e+02    8.805063e-08
5.095608e+02    8.218415e-08
5.154171e+02    7.702352e-08
5.213406e+02    7.187413e-08
5.273323e+02    6.698258e-08
5.333928e+02    6.240465e-08
5.395230e+02    5.799026e-08
5.457236e+02    5.387726e-08
5.519954e+02    5.009828e-08
5.583394e+02    4.642142e-08
5.647562e+02    4.292855e-08
5.712469e+02    3.973881e-08
5.844527e+02    3.378621e-08
5.911697e+02    3.113831e-08
6.048361e+02    2.624718e-08
6.117874e+02    2.403382e-08
6.188185e+02    2.200717e-08
6.259304e+02    2.009409e-08
6.331241e+02    1.829179e-08
6.404004e+02    1.663144e-08
6.477604e+02    1.510223e-08
6.552050e+02    1.366460e-08
6.627351e+02    1.235837e-08
6.703517e+02    1.113358e-08
6.780559e+02    1.001423e-08
6.858486e+02    8.978248e-09
6.937309e+02    8.030994e-09
7.017038e+02    7.163921e-09
7.097683e+02    6.380681e-09
7.179255e+02    5.651923e-09
7.261765e+02    5.001363e-09
7.345223e+02    4.397631e-09
7.429640e+02    3.871358e-09
7.515027e+02    3.382466e-09
7.601395e+02    2.947183e-09
7.688756e+02    2.555089e-09
7.866502e+02    1.897802e-09
7.956909e+02    1.622129e-09
8.048356e+02    1.376467e-09
8.140854e+02    1.165965e-09
8.234415e+02    9.773979e-10
8.329051e+02    8.183473e-10
8.424775e+02    6.781276e-10
8.521599e+02    5.579554e-10
8.619536e+02    4.554776e-10
8.718598e+02    3.673925e-10
8.920151e+02    2.329403e-10
9.022668e+02    1.823085e-10
9.126364e+02    1.407769e-10
9.231251e+02    1.073827e-10
9.337343e+02    8.038640e-11
9.444655e+02    5.908470e-11
9.662993e+02    2.998387e-11
9.774047e+02    2.061972e-11
9.886378e+02    1.370287e-11
1.000000e+03    8.816058e-12
