# W [GeV]    S_yy [GeV^-1]
1.000000e+01    8.038276e-04
1.015366e+01    7.886183e-04
1.030968e+01    7.740380e-04
1.046809e+01    7.572856e-04
1.062894e+01    7.433721e-04
1.079226e+01    7.281710e-04
1.095810e+01    7.138266e-04
1.112648e+01    6.990120e-04
1.129744e+01    6.860748e-04
1.147104e+01    6.723300e-04
1.164730e+01    6.567555e-04
1.182627e+01    6.453703e-04
1.200799e+01    6.325750e-04
1.219250e+01    6.178821e-04
1.237985e+01    6.086559e-04
1.257007e+01    5.956249e-04
1.276322e+01    5.826404e-04
1.295934e+01    5.715641e-04
1.315847e+01    5.602785e-04
1.336066e+01    5.472142e-04
1.356595e+01    5.374624e-04
1.377440e+01    5.252992e-04
1.398606e+01    5.151502e-04
1.420097e+01    5.035495e-04
1.441917e+01    4.939636e-04
1.464074e+01    4.832198e-04
1.486570e+01    4.727071e-04
1.509413e+01    4.637812e-04
1.532606e+01    4.534027e-04
1.556155e+01    4.437692e-04
1.580067e+01    4.350467e-04
1.604346e+01    4.246060e-04
1.628998e+01    4.177543e-04
1.654029e+01    4.085996e-04
1.679444e+01    3.996547e-04
1.705250e+01    3.902385e-04
1.731453e+01    3.824311e-04
1.758058e+01    3.739556e-04
1.785072e+01    3.669778e-04
1.812501e+01    3.580571e-04
1.840351e+01    3.497424e-04
1.868629e+01    3.428652e-04
1.897342e+01    3.357503e-04
1.926496e+01    3.285226e-04
1.956099e+01    3.200648e-04
1.986155e+01    3.139122e-04
2.016674e+01    3.061099e-04
2.047662e+01    3.003408e-04
2.079126e+01    2.936383e-04
2.111073e+01    2.871165e-04
2.143512e+01    2.806365e-04
2.176448e+01    2.748087e-04
2.209891e+01    2.691025e-04
2.278326e+01    2.566091e-04
2.313334e+01    2.507612e-04
2.348881e+01    2.452439e-04
2.384973e+01    2.396180e-04
2.421620e+01    2.342199e-04
2.458830e+01    2.290725e-04
2.496612e+01    2.236441e-04
2.534974e+01    2.189417e-04
2.573926e+01    2.144064e-04
2.694409e+01    1.998461e-04
2.735811e+01    1.951896e-04
2.777849e+01    1.906036e-04
2.820533e+01    1.862280e-04
2.863872e+01    1.817121e-04
2.907878e+01    1.774282e-04
2.952560e+01    1.737078e-04
3.043993e+01    1.655771e-04
3.090767e+01    1.612869e-04
3.138259e+01    1.578377e-04
3.186480e+01    1.542438e-04
3.235443e+01    1.503037e-04
3.285158e+01    1.467137e-04
3.335637e+01    1.433674e-04
3.386892e+01    1.399437e-04
3.438934e+01    1.365661e-04
3.491776e+01    1.331568e-04
3.545430e+01    1.300128e-04
3.599908e+01    1.267848e-04
3.711389e+01    1.208929e-04
3.826321e+01    1.151123e-04
3.885116e+01    1.125516e-04
3.944814e+01    1.095056e-04
4.005429e+01    1.067600e-04
4.066975e+01    1.040862e-04
4.129467e+01    1.016887e-04
4.192920e+01    9.901217e-05
4.257347e+01    9.656237e-05
4.389187e+01    9.182578e-05
4.456630e+01    8.956839e-05
4.525110e+01    8.738207e-05
4.594642e+01    8.514663e-05
4.665242e+01    8.296485e-05
4.736927e+01    8.094078e-05
4.809713e+01    7.872099e-05
4.883618e+01    7.681448e-05
4.958659e+01    7.488353e-05
5.034853e+01    7.292044e-05
5.112217e+01    7.095786e-05
5.190770e+01    6.919792e-05
5.270530e+01    6.737547e-05
5.351516e+01    6.555420e-05
5.433746e+01    6.390911e-05
5.602016e+01    6.062528e-05
5.688096e+01    5.893949e-05
5.775498e+01    5.751359e-05
5.864242e+01    5.586912e-05
5.954351e+01    5.437530e-05
6.045844e+01    5.293131e-05
6.138743e+01    5.163622e-05
6.233070e+01    5.006112e-05
6.328846e+01    4.876717e-05
6.524835e+01    4.621915e-05
6.830258e+01    4.247682e-05
6.935210e+01    4.122472e-05
7.041775e+01    4.012200e-05
7.149977e+01    3.896380e-05
7.371395e+01    3.681040e-05
7.484662e+01    3.581346e-05
7.835013e+01    3.276834e-05
8.077645e+01    3.094267e-05
8.327791e+01    2.926930e-05
8.455754e+01    2.830904e-05
8.585683e+01    2.746377e-05
8.717608e+01    2.668319e-05
8.851561e+01    2.591301e-05
8.987572e+01    2.514825e-05
9.125673e+01    2.438959e-05
9.265896e+01    2.361790e-05
9.552839e+01    2.222310e-05
9.699626e+01    2.157771e-05
9.848668e+01    2.089302e-05
1.000000e+02    2.029178e-05
1.015366e+02    1.963616e-05
1.030968e+02    1.905589e-05
1.046809e+02    1.844237e-05
1.062894e+02    1.787054e-05
1.095810e+02    1.674324e-05
1.112648e+02    1.622319e-05
1.129744e+02    1.570180e-05
1.147104e+02    1.521983e-05
1.164730e+02    1.471857e-05
1.182627e+02    1.423887e-05
1.200799e+02    1.375350e-05
1.219250e+02    1.331513e-05
1.237985e+02    1.288955e-05
1.257007e+02    1.247055e-05
1.276322e+02    1.204503e-05
1.295934e+02    1.163479e-05
1.315847e+02    1.125480e-05
1.356595e+02    1.050739e-05
1.377440e+02    1.013565e-05
1.398606e+02    9.793355e-06
1.420097e+02    9.453290e-06
1.441917e+02    9.134868e-06
1.486570e+02    8.505995e-06
1.532606e+02    7.905997e-06
1.556155e+02    7.616741e-06
1.580067e+02    7.341024e-06
1.604346e+02    7.082380e-06
1.628998e+02    6.822539e-06
1.654029e+02    6.570363e-06
1.679444e+02    6.322676e-06
1.705250e+02    6.101364e-06
1.731453e+02    5.866911e-06
1.758058e+02    5.642579e-06
1.785072e+02    5.423958e-06
1.812501e+02    5.218689e-06
1.840351e+02    5.021956e-06
1.897342e+02    4.642516e-06
1.986155e+02    4.105091e-06
2.016674e+02    3.939547e-06
2.047662e+02    3.782235e-06
2.079126e+02    3.629748e-06
2.111073e+02    3.479462e-06
2.143512e+02    3.336171e-06
2.176448e+02    3.194937e-06
2.209891e+02    3.062566e-06
2.243848e+02    2.927628e-06
2.278326e+02    2.804398e-06
2.313334e+02    2.686251e-06
2.348881e+02    2.568481e-06
2.384973e+02    2.454413e-06
2.421620e+02    2.349552e-06
2.458830e+02    2.240289e-06
2.496612e+02    2.140722e-06
2.534974e+02    2.047286e-06
2.573926e+02    1.948384e-06
2.653634e+02    1.772648e-06
2.694409e+02    1.691169e-06
2.735811e+02    1.608843e-06
2.777849e+02    1.533916e-06
2.820533e+02    1.457982e-06
2.863872e+02    1.388025e-06
2.907878e+02    1.319769e-06
2.952560e+02    1.253362e-06
2.997928e+02    1.190902e-06
3.043993e+02    1.130076e-06
3.090767e+02    1.070948e-06
3.138259e+02    1.016555e-06
3.285158e+02    8.620360e-07
3.335637e+02    8.158015e-07
3.386892e+02    7.714588e-07
3.438934e+02    7.279302e-07
3.491776e+02    6.873903e-07
3.545430e+02    6.480133e-07
3.599908e+02    6.108091e-07
3.655223e+02    5.751402e-07
3.768417e+02    5.090463e-07
3.826321e+02    4.780725e-07
3.885116e+02    4.483579e-07
3.944814e+02    4.209667e-07
4.066975e+02    3.690159e-07
4.129467e+02    3.448632e-07
4.192920e+02    3.224344e-07
4.257347e+02    3.008764e-07
4.322765e+02    2.804440e-07
4.389187e+02    2.613607e-07
4.456630e+02    2.431374e-07
4.594642e+02    2.094529e-07
4.809713e+02    1.661475e-07
4.883618e+02    1.533185e-07
4.958659e+02    1.413132e-07
5.034853e+02    1.299414e-07
5.112217e+02    1.194071e-07
5.351516e+02    9.165975e-08
5.433746e+02    8.360353e-08
5.517240e+02    7.611056e-08
5.602016e+02    6.915889e-08
5.864242e+02    5.115698e-08
5.954351e+02    4.605434e-08
6.138743e+02    3.703253e-08
6.233070e+02    3.305711e-08
6.426093e+02    2.609569e-08
6.524835e+02    2.307894e-08
6.625094e+02    2.033361e-08
6.830258e+02    1.560447e-08
6.935210e+02    1.358709e-08
7.041775e+02    1.176738e-08
7.149977e+02    1.015527e-08
7.259842e+02    8.717824e-09
7.371395e+02    7.433933e-09
7.484662e+02    6.306496e-09
7.599669e+02    5.314056e-09
7.716444e+02    4.451465e-09
7.835013e+02    3.702523e-09
7.955404e+02    3.051456e-09
8.077645e+02    2.497132e-09
8.201764e+02    2.018739e-09
8.327791e+02    1.618523e-09
8.455754e+02    1.283896e-09
8.585683e+02    1.004326e-09
8.717608e+02    7.755713e-10
8.851561e+02    5.902124e-10
8.987572e+02    4.405666e-10
9.125673e+02    3.233005e-10
9.265896e+02    2.323383e-10
9.408273e+02    1.627742e-10
9.552839e+02    1.108650e-10
9.699626e+02    7.301257e-11
9.848668e+02    4.628573e-11
1.000000e+03    2.807724e-11
